2000 5991
0 1 87
0 2 29
0 3 1
0 4 9
0 5 71
0 7 19
0 9 29
0 12 50
0 13 91
0 14 70
0 15 64
0 16 19
0 17 32
0 20 96
0 21 36
0 28 26
0 31 38
0 36 77
0 44 46
0 48 18
0 49 61
0 55 11
0 62 86
0 67 23
0 70 96
0 71 94
0 90 80
0 119 24
0 123 80
0 142 21
0 148 85
0 157 7
0 183 18
0 214 50
0 216 42
0 222 31
0 236 15
0 239 65
0 256 32
0 260 31
0 262 58
0 266 17
0 279 91
0 281 57
0 292 97
0 298 64
0 313 66
0 319 16
0 346 68
0 352 59
0 362 44
0 387 21
0 388 95
0 438 47
0 495 91
0 498 81
0 599 30
0 602 58
0 632 15
0 658 16
0 667 32
0 686 55
0 703 47
0 715 42
0 718 55
0 719 67
0 738 62
0 740 27
0 747 5
0 754 5
0 777 83
0 790 8
0 796 14
0 802 39
0 955 27
0 980 95
0 1065 77
0 1083 9
0 1161 1
0 1226 1
0 1319 66
0 1337 38
0 1406 31
0 1415 61
0 1426 94
0 1429 17
0 1525 21
0 1527 52
0 1652 59
0 1654 41
0 1720 11
0 1801 33
0 1849 52
0 1903 8
0 1929 60
0 1945 71
0 1956 96
0 1962 12
0 1969 49
1 5 79
1 8 44
1 11 17
1 14 15
1 16 86
1 53 56
1 57 46
1 58 49
1 73 14
1 75 57
1 84 13
1 95 63
1 112 76
1 129 7
1 159 9
1 172 62
1 192 75
1 194 54
1 196 26
1 210 31
1 225 62
1 296 24
1 465 10
1 559 10
1 589 16
1 612 46
1 662 33
1 849 40
1 868 51
1 875 9
1 880 68
1 911 69
1 918 59
1 933 83
1 977 7
1 1116 66
1 1240 68
1 1241 57
1 1297 29
1 1340 4
1 1376 95
1 1417 30
1 1465 69
1 1500 70
1 1520 51
1 1530 53
1 1706 11
1 1723 46
1 1926 48
1 1959 13
1 1972 59
1 1990 21
2 4 3
2 6 12
2 16 50
2 19 48
2 26 4
2 27 79
2 34 99
2 35 33
2 37 63
2 42 96
2 44 59
2 45 9
2 47 74
2 51 75
2 56 46
2 58 10
2 67 10
2 68 14
2 72 36
2 76 32
2 91 89
2 96 99
2 98 69
2 104 88
2 114 29
2 117 46
2 127 94
2 137 84
2 141 74
2 154 73
2 155 39
2 159 95
2 161 59
2 173 47
2 182 82
2 203 36
2 206 48
2 244 93
2 247 8
2 268 96
2 274 69
2 308 20
2 317 92
2 322 16
2 357 42
2 359 1
2 426 23
2 427 73
2 433 27
2 434 24
2 444 16
2 477 44
2 515 97
2 518 53
2 525 98
2 565 5
2 570 89
2 608 39
2 679 78
2 681 28
2 691 56
2 729 9
2 733 22
2 735 92
2 737 23
2 768 29
2 784 70
2 820 69
2 825 97
2 826 26
2 837 88
2 866 41
2 931 33
2 949 96
2 991 4
2 993 99
2 996 14
2 1048 7
2 1104 35
2 1105 16
2 1226 60
2 1246 97
2 1344 5
2 1359 56
2 1366 45
2 1413 36
2 1473 77
2 1510 25
2 1530 77
2 1566 15
2 1575 78
2 1591 31
2 1604 47
2 1669 58
2 1772 50
2 1880 46
2 1886 97
2 1890 97
2 1912 99
2 1948 55
2 1975 33
2 1988 76
3 4 85
3 5 20
3 10 79
3 13 20
3 14 32
3 15 78
3 25 2
3 27 34
3 60 87
3 84 64
3 129 34
3 134 20
3 142 43
3 167 3
3 169 90
3 189 83
3 192 44
3 220 32
3 268 15
3 352 28
3 377 74
3 425 62
3 582 55
3 629 64
3 642 62
3 685 52
3 709 38
3 751 80
3 767 92
3 772 11
3 812 35
3 862 58
3 934 48
3 1161 24
3 1178 100
3 1194 23
3 1212 34
3 1222 35
3 1283 48
3 1404 83
3 1410 21
3 1475 49
3 1526 50
3 1599 95
3 1690 98
4 6 54
4 7 53
4 8 96
4 9 84
4 11 16
4 12 75
4 17 12
4 19 27
4 22 37
4 25 77
4 28 15
4 31 98
4 34 21
4 40 39
4 42 30
4 45 40
4 50 32
4 55 69
4 61 47
4 65 98
4 88 41
4 96 7
4 100 55
4 103 66
4 111 58
4 136 7
4 161 80
4 167 73
4 198 23
4 199 88
4 208 80
4 217 85
4 227 54
4 233 10
4 242 37
4 255 7
4 351 20
4 389 64
4 399 17
4 423 39
4 463 33
4 506 14
4 521 41
4 558 69
4 568 87
4 601 87
4 602 94
4 606 86
4 613 32
4 646 20
4 684 43
4 721 58
4 744 64
4 749 23
4 767 2
4 774 59
4 811 48
4 813 83
4 824 98
4 951 7
4 973 32
4 1030 97
4 1055 85
4 1079 16
4 1104 96
4 1122 42
4 1131 80
4 1185 46
4 1232 32
4 1361 52
4 1386 9
4 1436 30
4 1460 72
4 1477 48
4 1478 11
4 1549 10
4 1597 59
4 1654 72
4 1776 23
4 1803 46
4 1814 29
4 1854 44
4 1885 43
4 1900 51
4 1955 30
5 6 14
5 8 20
5 10 47
5 15 59
5 18 74
5 19 51
5 28 2
5 32 11
5 46 45
5 73 26
5 79 68
5 105 22
5 120 57
5 133 14
5 138 38
5 153 47
5 185 61
5 197 44
5 225 11
5 226 79
5 229 66
5 230 53
5 238 81
5 307 5
5 329 57
5 334 88
5 356 46
5 373 10
5 386 78
5 410 68
5 431 24
5 446 46
5 484 97
5 500 61
5 529 71
5 575 63
5 585 28
5 594 87
5 597 68
5 628 15
5 644 46
5 781 92
5 800 26
5 829 55
5 861 57
5 871 17
5 874 13
5 890 56
5 902 5
5 914 12
5 986 93
5 1035 75
5 1154 63
5 1289 95
5 1294 72
5 1507 28
5 1548 23
5 1558 88
5 1605 43
5 1670 14
5 1698 92
5 1823 75
5 1862 26
5 1939 18
5 1954 74
5 1974 62
6 7 77
6 11 80
6 21 83
6 23 99
6 24 37
6 26 72
6 49 71
6 59 95
6 87 27
6 99 32
6 109 44
6 129 93
6 130 14
6 135 55
6 153 8
6 163 28
6 202 40
6 207 76
6 208 86
6 227 35
6 231 99
6 237 60
6 256 10
6 267 5
6 327 97
6 339 16
6 387 10
6 392 49
6 435 45
6 465 49
6 466 85
6 504 60
6 538 18
6 556 34
6 599 4
6 602 69
6 616 36
6 665 22
6 679 8
6 701 51
6 724 71
6 748 32
6 923 2
6 976 72
6 1022 29
6 1062 13
6 1153 48
6 1179 82
6 1304 61
6 1441 65
6 1496 52
6 1565 58
6 1569 6
6 1595 57
6 1624 29
6 1871 39
6 1909 46
6 1990 75
7 9 80
7 12 82
7 21 6
7 25 78
7 37 69
7 46 85
7 51 57
7 54 8
7 69 54
7 82 42
7 92 13
7 99 13
7 126 19
7 128 82
7 173 94
7 201 70
7 203 68
7 209 52
7 248 29
7 251 100
7 253 63
7 264 72
7 282 77
7 302 89
7 339 58
7 414 67
7 461 59
7 525 80
7 554 74
7 555 92
7 587 64
7 597 86
7 674 10
7 700 91
7 701 95
7 844 69
7 863 93
7 960 63
7 1244 5
7 1270 73
7 1277 19
7 1293 8
7 1308 80
7 1319 73
7 1366 84
7 1441 66
7 1555 1
7 1562 51
7 1573 23
7 1655 90
7 1874 26
7 1927 61
8 10 84
8 17 74
8 18 60
8 22 65
8 23 52
8 30 18
8 38 51
8 46 11
8 52 89
8 54 33
8 76 70
8 112 42
8 118 94
8 139 74
8 143 31
8 170 84
8 181 19
8 199 100
8 213 52
8 219 58
8 245 26
8 291 3
8 295 4
8 300 27
8 330 34
8 353 57
8 363 10
8 421 45
8 440 79
8 486 24
8 498 76
8 500 95
8 588 91
8 607 9
8 631 58
8 658 52
8 677 27
8 688 10
8 693 68
8 788 28
8 838 85
8 887 77
8 974 88
8 1001 45
8 1011 94
8 1030 64
8 1093 21
8 1183 26
8 1227 40
8 1257 14
8 1260 4
8 1301 32
8 1511 97
8 1626 71
8 1671 7
8 1711 27
8 1772 75
8 1808 70
8 1822 24
8 1929 88
9 20 7
9 22 22
9 30 63
9 36 24
9 62 74
9 63 31
9 69 93
9 79 50
9 81 84
9 84 87
9 100 61
9 117 15
9 122 46
9 171 66
9 229 72
9 259 47
9 263 51
9 269 46
9 277 71
9 279 11
9 289 24
9 291 28
9 297 22
9 300 22
9 394 60
9 435 57
9 437 100
9 469 43
9 483 42
9 600 59
9 695 54
9 757 58
9 799 45
9 807 78
9 912 50
9 919 20
9 942 63
9 997 99
9 1051 74
9 1052 50
9 1098 60
9 1106 5
9 1200 88
9 1265 26
9 1432 93
9 1559 83
9 1643 82
9 1737 25
9 1804 43
10 18 87
10 23 42
10 64 5
10 147 46
10 345 57
10 392 45
10 421 48
10 615 22
10 713 45
10 888 9
10 924 58
10 1034 92
10 1279 64
10 1367 94
10 1572 66
10 1659 71
10 1869 55
10 1965 2
11 33 17
11 41 38
11 57 11
11 89 40
11 124 7
11 125 22
11 250 49
11 298 55
11 374 12
11 419 94
11 499 3
11 632 19
11 717 59
11 798 90
11 975 6
11 1009 31
11 1178 9
11 1456 81
11 1857 16
12 13 93
12 20 21
12 29 85
12 39 35
12 52 28
12 66 81
12 68 4
12 73 48
12 74 79
12 78 27
12 86 63
12 87 93
12 92 4
12 97 61
12 106 32
12 119 43
12 121 13
12 128 91
12 132 7
12 152 7
12 164 1
12 190 15
12 191 9
12 195 47
12 208 100
12 220 39
12 221 57
12 223 83
12 224 35
12 226 41
12 230 6
12 258 90
12 283 69
12 300 64
12 332 3
12 364 21
12 369 86
12 371 90
12 396 74
12 424 36
12 431 42
12 438 95
12 448 97
12 452 28
12 458 63
12 470 67
12 506 66
12 527 73
12 532 3
12 543 9
12 564 64
12 565 7
12 569 86
12 581 16
12 584 71
12 615 75
12 629 99
12 648 11
12 688 61
12 817 55
12 856 8
12 857 55
12 892 15
12 916 2
12 924 4
12 943 45
12 986 24
12 1003 71
12 1038 56
12 1070 63
12 1091 78
12 1106 16
12 1128 20
12 1131 40
12 1144 81
12 1173 55
12 1185 27
12 1211 42
12 1217 99
12 1228 42
12 1266 59
12 1282 11
12 1284 33
12 1298 97
12 1316 5
12 1334 26
12 1343 74
12 1358 54
12 1411 35
12 1424 97
12 1463 83
12 1488 7
12 1550 50
12 1553 99
12 1601 90
12 1632 5
12 1645 59
12 1650 83
12 1659 90
12 1661 83
12 1678 74
12 1688 4
12 1723 75
12 1738 92
12 1746 83
12 1751 25
12 1755 90
12 1819 82
12 1894 20
12 1959 82
12 1961 14
12 1969 84
12 1990 42
13 104 68
13 204 96
13 415 53
13 471 49
13 568 32
13 676 97
13 775 14
13 796 58
13 892 44
13 935 16
13 969 5
13 984 80
13 1007 37
13 1063 65
13 1184 71
13 1407 80
13 1784 97
13 1810 78
13 1919 55
13 1995 65
14 29 87
14 33 94
14 34 33
14 39 96
14 40 85
14 50 11
14 66 72
14 74 61
14 82 59
14 102 53
14 151 91
14 154 83
14 162 73
14 211 3
14 228 35
14 259 12
14 287 48
14 315 46
14 337 68
14 366 56
14 374 10
14 376 16
14 417 73
14 443 60
14 453 60
14 470 44
14 480 97
14 494 86
14 508 14
14 523 65
14 545 10
14 622 26
14 657 26
14 669 63
14 725 91
14 736 64
14 739 35
14 769 82
14 942 80
14 1122 49
14 1201 76
14 1207 61
14 1273 95
14 1314 28
14 1418 43
14 1419 67
14 1487 98
14 1618 99
14 1622 8
14 1713 97
14 1769 53
14 1808 69
14 1973 84
15 43 91
15 79 16
15 102 72
15 115 54
15 187 58
15 206 57
15 212 64
15 270 16
15 335 89
15 429 32
15 516 4
15 622 57
15 623 52
15 663 70
15 689 82
15 697 91
15 790 81
15 966 85
15 1019 68
15 1201 40
15 1202 39
15 1310 54
15 1519 20
15 1537 46
15 1571 51
15 1583 80
15 1743 87
15 1817 98
15 1856 11
15 1933 26
16 39 11
16 58 57
16 66 96
16 190 21
16 261 41
16 281 13
16 399 44
16 492 68
16 623 12
16 702 28
16 782 41
16 812 53
16 1393 50
16 1683 53
17 131 57
17 179 79
17 223 15
17 440 43
17 619 33
17 948 66
17 1195 16
17 1303 69
17 1714 59
17 1790 23
17 1841 32
17 1846 65
17 1896 26
18 285 100
18 324 63
18 608 7
18 639 44
18 704 49
18 771 19
18 843 49
18 1187 69
18 1386 38
19 24 98
19 26 57
19 27 94
19 35 44
19 37 90
19 38 41
19 47 13
19 72 22
19 106 24
19 107 79
19 137 83
19 138 93
19 139 100
19 141 52
19 145 7
19 170 36
19 184 65
19 194 20
19 218 99
19 232 97
19 304 49
19 355 45
19 376 39
19 401 95
19 411 96
19 480 66
19 481 29
19 482 33
19 502 100
19 514 22
19 543 7
19 608 92
19 629 50
19 636 3
19 671 32
19 712 25
19 718 49
19 732 87
19 823 49
19 917 95
19 931 1
19 1046 85
19 1085 95
19 1088 74
19 1119 98
19 1135 78
19 1181 10
19 1345 53
19 1368 67
19 1569 23
19 1686 74
19 1687 75
19 1698 54
19 1963 10
20 130 2
20 139 22
20 151 12
20 172 57
20 177 48
20 240 70
20 373 58
20 428 40
20 456 19
20 532 69
20 675 88
20 758 19
20 1224 72
20 1225 60
20 1260 25
20 1295 90
20 1447 29
20 1499 64
20 1513 28
20 1610 33
20 1637 53
20 1778 40
20 1796 83
20 1887 92
20 1953 78
20 1957 96
21 24 70
21 32 10
21 42 75
21 61 78
21 75 41
21 102 68
21 113 73
21 217 26
21 245 43
21 362 10
21 366 26
21 388 47
21 421 14
21 532 83
21 761 94
21 789 40
21 957 93
21 993 97
21 1016 5
21 1036 70
21 1039 14
21 1313 67
21 1370 18
21 1485 20
21 1606 81
21 1816 54
21 1827 77
22 41 5
22 48 19
22 57 80
22 59 32
22 81 62
22 122 58
22 175 100
22 194 92
22 243 27
22 269 44
22 309 35
22 358 88
22 413 84
22 426 35
22 473 66
22 521 78
22 575 61
22 766 36
22 930 13
22 971 77
22 1014 95
22 1129 65
22 1153 3
22 1363 46
22 1364 30
22 1476 37
22 1633 41
22 1656 58
22 1741 50
22 1774 87
22 1902 6
23 40 57
23 56 47
23 77 86
23 85 97
23 87 91
23 88 50
23 94 18
23 97 21
23 130 71
23 234 40
23 293 77
23 444 54
23 474 56
23 553 68
23 583 93
23 668 94
23 954 83
23 1058 92
23 1150 72
23 1288 87
23 1292 37
23 1441 98
23 1564 67
23 1666 69
23 1725 32
23 1984 84
24 74 5
24 95 28
24 209 84
24 302 24
24 306 26
24 390 7
24 487 38
24 505 97
24 720 25
24 1298 62
24 1593 33
24 1851 43
25 29 30
25 31 12
25 45 77
25 69 72
25 70 33
25 90 15
25 94 88
25 110 49
25 111 37
25 112 77
25 272 71
25 376 52
25 389 35
25 479 82
25 563 84
25 564 94
25 618 59
25 694 72
25 736 11
25 793 11
25 927 44
25 998 75
25 1040 14
25 1046 45
25 1056 18
25 1066 89
25 1239 74
25 1293 3
25 1467 53
25 1472 94
25 1480 67
25 1634 40
25 1718 77
25 1761 18
25 1787 17
25 1920 78
26 30 21
26 35 27
26 59 42
26 64 33
26 132 1
26 141 54
26 146 31
26 147 32
26 200 97
26 306 37
26 332 16
26 490 20
26 510 26
26 674 8
26 732 20
26 745 45
26 915 86
26 975 82
26 1052 5
26 1063 53
26 1140 74
26 1146 51
26 1160 78
26 1211 90
26 1327 84
26 1353 40
26 1377 2
26 1385 30
26 1485 13
26 1505 30
26 1546 35
26 1583 13
26 1840 37
26 1938 82
27 44 11
27 53 48
27 63 35
27 83 39
27 148 94
27 216 49
27 396 22
27 457 73
27 1070 5
27 1084 12
27 1676 42
28 36 8
28 43 68
28 60 30
28 77 47
28 90 2
28 123 40
28 126 49
28 135 76
28 267 15
28 283 96
28 304 20
28 367 10
28 463 11
28 612 17
28 743 55
28 744 18
28 892 29
28 1271 65
28 1427 26
28 1430 93
28 1571 2
28 1578 59
28 1734 92
29 41 80
29 121 98
29 199 46
29 510 6
29 655 37
29 674 90
29 808 78
29 867 8
29 1163 80
29 1179 42
29 1320 35
29 1717 79
30 53 55
30 94 83
30 145 74
30 176 40
30 264 98
30 334 15
30 692 31
30 710 37
30 1677 95
30 1991 33
31 32 45
31 60 87
31 65 12
31 103 81
31 131 21
31 383 92
31 393 54
31 432 70
31 526 78
31 528 80
31 577 20
31 586 28
31 665 77
31 764 97
31 900 20
31 956 8
31 1017 3
31 1100 100
31 1218 15
31 1220 31
31 1262 40
31 1306 2
31 1693 96
31 1710 11
31 1757 85
31 1806 28
31 1901 67
31 1937 14
31 1976 49
32 33 50
32 50 46
32 70 24
32 116 91
32 135 23
32 140 8
32 192 13
32 193 94
32 255 34
32 275 81
32 286 46
32 392 26
32 395 62
32 452 22
32 474 69
32 476 11
32 543 7
32 550 1
32 603 48
32 643 87
32 685 6
32 797 72
32 829 6
32 875 22
32 1025 13
32 1077 52
32 1093 12
32 1111 45
32 1307 12
32 1464 41
32 1585 73
32 1622 19
32 1764 6
32 1787 38
33 55 76
33 96 87
33 209 42
33 240 17
33 403 18
33 536 75
33 559 7
33 570 17
33 675 75
33 734 19
33 887 50
33 1041 33
33 1509 11
33 1811 74
34 43 84
34 49 59
34 80 64
34 103 63
34 110 75
34 142 72
34 219 47
34 229 18
34 265 56
34 285 17
34 355 43
34 407 69
34 475 51
34 497 5
34 507 53
34 578 44
34 664 30
34 908 76
34 990 2
34 1316 61
34 1401 4
34 1497 57
34 1557 85
34 1977 58
35 38 49
35 97 87
35 188 25
35 258 86
35 319 82
35 952 41
35 1352 2
36 198 3
36 255 42
36 361 28
36 439 80
36 455 43
36 468 68
36 642 76
36 649 18
36 688 32
36 690 34
36 810 83
36 896 84
36 1090 91
36 1092 2
36 1130 25
36 1332 12
36 1444 91
36 1471 3
36 1573 21
36 1962 49
37 136 8
37 241 41
37 302 24
37 323 19
37 476 84
37 488 86
37 516 37
37 524 99
37 1073 77
37 1139 16
37 1155 2
37 1463 52
38 54 13
38 99 85
38 116 49
38 132 64
38 140 11
38 228 32
38 258 10
38 341 21
38 411 67
38 449 94
38 465 1
38 552 26
38 641 94
38 655 79
38 1126 72
38 1186 6
38 1258 89
38 1309 97
38 1416 48
38 1753 74
38 1817 10
38 1882 83
38 1924 90
39 164 58
39 385 9
39 390 2
39 394 97
39 471 14
39 496 91
39 513 61
39 584 36
39 705 33
39 825 97
39 941 53
39 1010 45
39 1330 64
39 1666 2
40 62 66
40 78 1
40 89 5
40 101 23
40 124 52
40 152 94
40 198 25
40 231 79
40 311 26
40 381 86
40 606 71
40 621 20
40 852 55
40 1000 53
40 1012 97
40 1111 70
40 1175 19
40 1267 71
40 1552 48
40 1580 9
40 1655 85
40 1827 100
40 1838 74
41 51 80
41 204 96
41 232 54
41 260 44
41 274 92
41 303 89
41 337 100
41 383 35
41 557 98
41 953 29
41 1043 35
41 1247 75
41 1343 14
41 1798 47
42 75 6
42 109 99
42 113 93
42 114 52
42 248 37
42 266 35
42 328 55
42 517 29
42 537 76
42 544 20
42 596 85
42 612 85
42 1118 84
42 1558 9
42 1611 81
42 1696 58
42 1812 24
43 47 22
43 61 94
43 88 31
43 95 11
43 111 53
43 144 48
43 210 50
43 290 50
43 343 54
43 369 84
43 447 21
43 553 96
43 682 30
43 1060 66
43 1274 16
43 1362 73
43 1470 78
43 1651 9
43 1871 24
43 1910 31
43 1947 94
44 107 10
44 131 42
44 235 85
44 290 62
44 368 13
44 1674 76
44 1768 36
45 48 93
45 64 3
45 71 4
45 123 89
45 169 78
45 226 73
45 242 87
45 254 49
45 398 16
45 529 42
45 604 33
45 625 11
45 722 87
45 773 96
45 816 32
45 1413 9
45 1509 45
45 1649 23
45 1669 39
45 1810 46
46 89 68
46 118 99
46 137 87
46 165 54
46 187 45
46 310 95
46 374 45
46 441 21
46 622 66
46 681 19
46 1223 5
46 1562 38
47 86 89
47 91 94
47 156 96
47 188 55
47 251 90
47 329 51
47 344 78
47 395 22
47 419 71
47 425 75
47 449 19
47 484 97
47 585 15
47 596 18
47 783 91
47 821 55
47 851 24
47 1004 28
47 1125 61
47 1565 49
47 1617 81
47 1694 3
47 1853 10
47 1945 11
48 71 14
48 153 28
48 539 42
48 1132 7
48 1357 5
48 1729 73
49 56 53
49 149 63
49 166 19
49 294 83
49 577 89
49 597 63
49 716 62
49 985 35
49 1110 90
49 1171 73
49 1395 8
50 52 8
50 117 28
50 121 69
50 157 8
50 164 74
50 233 57
50 348 59
50 451 46
50 680 87
50 756 31
50 775 59
50 911 56
50 1021 26
50 1039 13
50 1090 98
50 1181 97
50 1182 39
50 1364 80
50 1494 81
50 1616 30
50 1636 2
50 1794 80
50 1822 96
50 1991 51
51 118 78
51 151 16
51 160 63
51 180 92
51 196 7
51 282 60
51 533 42
51 723 7
51 810 44
51 1036 33
51 1631 19
51 1712 84
51 1895 56
51 1944 69
52 98 53
52 319 58
52 401 66
52 429 99
52 752 99
52 1337 94
52 1657 55
52 1832 10
52 1935 18
53 1315 10
54 67 58
54 68 1
54 85 87
54 105 55
54 113 62
54 148 40
54 154 78
54 225 44
54 250 60
54 312 50
54 318 9
54 359 34
54 468 64
54 551 18
54 593 6
54 657 58
54 881 58
54 1103 52
54 1120 29
54 1140 52
54 1156 60
54 1285 50
54 1294 84
54 1305 98
54 1336 78
54 1567 68
54 1613 19
54 1966 82
54 1985 77
55 242 17
55 366 27
55 375 42
55 519 29
55 625 35
55 1254 54
55 1430 90
55 1663 68
56 63 59
56 93 62
56 108 41
56 177 15
56 211 65
56 352 71
56 379 6
56 485 91
56 615 4
56 666 37
56 848 50
56 886 28
56 890 76
56 1264 59
56 1302 78
56 1407 1
56 1427 24
56 1540 92
56 1818 60
56 1883 37
57 83 77
57 93 65
57 100 25
57 146 4
57 169 31
57 175 14
57 220 62
57 253 77
57 278 82
57 337 59
57 349 2
57 557 55
57 630 20
57 874 76
57 917 46
57 947 46
57 961 15
57 1338 11
57 1344 7
57 1421 9
57 1455 17
57 1482 63
57 1521 61
57 1688 5
57 1843 50
57 1984 22
58 92 88
58 101 37
58 104 65
58 138 61
58 157 2
58 496 19
58 1013 87
58 1322 95
58 1876 91
59 125 75
59 156 95
59 178 10
59 207 6
59 275 33
59 304 97
59 412 68
59 1299 1
59 1452 10
59 1795 59
60 98 89
60 101 25
60 110 53
60 202 30
60 227 18
60 239 44
60 244 11
60 326 95
60 459 64
60 468 17
60 562 2
60 1243 60
60 1250 86
60 1259 46
60 1292 37
60 1455 87
60 1503 58
60 1542 90
60 1589 65
60 1631 54
60 1674 97
60 1947 5
60 1964 39
61 341 27
61 470 63
61 837 10
61 1122 18
61 1467 37
61 1507 43
62 78 63
62 107 27
62 114 40
62 185 74
62 303 77
62 327 23
62 383 58
62 432 77
62 502 24
62 538 76
62 642 47
62 885 30
62 893 61
62 923 43
62 1088 59
62 1104 48
62 1125 73
62 1285 30
62 1312 88
62 1627 95
62 1725 10
62 1845 78
62 1940 51
62 1980 11
63 76 27
63 127 81
63 150 70
63 212 95
63 496 68
63 643 23
63 730 40
63 994 17
63 1146 3
63 1195 49
63 1493 69
63 1505 28
63 1640 48
64 65 79
64 80 4
64 82 75
64 168 47
64 275 46
64 381 61
64 394 82
64 475 26
64 588 52
64 746 77
64 900 56
64 1039 78
64 1056 20
64 1098 89
64 1112 29
64 1117 52
64 1291 70
64 1383 46
64 1387 17
64 1515 65
64 1557 6
64 1631 26
64 1806 57
64 1858 45
65 72 17
65 85 90
65 93 12
65 158 1
65 235 83
65 343 71
65 464 26
65 493 69
65 517 30
65 592 90
65 614 85
65 624 25
65 809 72
65 1133 33
65 1898 70
65 1932 21
66 80 21
66 162 23
66 200 39
66 271 35
66 423 9
66 482 10
66 572 46
66 785 17
66 833 42
66 989 61
66 1047 45
66 1069 100
66 1077 88
66 1556 53
67 77 2
67 91 39
67 119 42
67 126 4
67 152 31
67 174 28
67 284 53
67 371 55
67 378 66
67 450 74
67 499 98
67 649 96
67 697 59
67 988 38
67 1081 72
67 1242 80
67 1312 41
67 1398 37
67 1961 51
68 1529 68
69 158 8
69 172 57
69 464 71
69 585 21
69 1903 78
70 150 78
70 318 57
70 327 72
70 562 49
70 1402 4
70 1715 69
71 120 44
71 196 77
71 218 22
71 250 83
71 314 31
71 324 94
71 340 55
71 350 26
71 493 68
71 657 8
71 777 99
71 819 85
71 864 84
71 901 8
71 928 59
71 1116 29
71 1221 98
71 1505 31
71 1514 64
71 1567 37
71 1644 70
71 1729 68
71 1974 14
72 350 99
72 925 14
72 995 48
72 1168 25
72 1215 58
72 1863 38
73 105 80
73 179 32
73 263 72
73 313 68
73 541 1
73 665 21
73 702 69
73 938 69
73 1493 95
73 1541 39
74 180 74
74 747 59
74 1339 32
74 1584 47
74 1805 50
75 115 72
75 163 51
75 215 98
75 243 9
75 850 20
75 874 7
75 1105 86
75 1589 3
75 1710 31
76 133 69
76 213 98
76 323 10
76 361 81
76 378 87
76 380 68
76 409 59
76 501 38
76 549 32
76 554 68
76 762 78
76 786 70
76 800 81
76 805 92
76 1791 100
77 147 75
77 212 9
77 234 13
77 380 74
77 1094 30
77 1159 49
77 1206 36
77 1270 21
77 1458 36
77 1531 36
78 83 59
78 128 9
78 140 28
78 159 95
78 251 81
78 582 32
78 940 94
78 1642 33
78 1735 3
79 81 94
79 280 85
79 331 48
79 420 96
79 544 77
79 572 53
79 753 46
79 868 88
79 926 43
79 1230 5
79 1925 64
80 108 11
80 155 90
80 162 14
80 193 60
80 195 2
80 475 34
80 504 56
80 509 84
80 529 53
80 575 63
80 661 75
80 780 74
80 889 75
80 1239 18
80 1335 16
80 1356 16
80 1434 69
80 1634 7
80 1852 36
81 109 52
81 127 73
81 1082 26
82 1322 25
82 1334 20
83 86 21
83 182 76
83 228 90
83 397 94
83 432 63
83 453 26
83 609 94
83 627 84
83 630 43
83 1080 28
83 1230 68
83 1460 11
84 158 99
84 252 70
84 293 75
84 343 90
84 350 17
84 353 42
84 540 1
84 839 62
84 910 11
84 1008 46
84 1050 79
84 1743 53
85 201 57
85 312 87
85 539 63
85 654 86
85 690 55
85 788 88
85 1481 88
85 1483 10
85 1520 53
85 1660 30
85 1947 65
86 108 79
86 125 42
86 136 59
86 168 71
86 306 96
86 420 66
86 447 54
86 518 29
86 750 32
86 880 41
86 1063 1
86 1081 3
86 1180 6
86 1527 40
86 1604 94
86 1695 91
86 1759 96
86 1825 57
87 155 72
87 163 67
87 173 5
87 307 57
87 367 100
87 1128 77
87 1699 62
87 1921 97
87 1926 55
88 144 96
88 238 4
88 272 95
88 341 2
88 859 68
88 903 75
88 987 34
88 1173 59
88 1286 91
88 1595 14
88 1672 55
89 219 57
89 308 39
89 1437 95
90 191 36
90 200 53
90 407 31
90 520 51
90 565 94
90 591 85
90 858 29
90 868 78
90 1291 30
90 1353 16
90 1425 44
90 1937 3
91 166 26
91 633 29
91 794 99
91 1745 79
91 1824 44
92 333 90
92 373 26
92 530 82
92 792 61
92 1432 9
93 1445 95
93 1743 82
94 467 73
94 598 48
94 929 44
94 1108 82
94 1768 60
94 1861 51
94 1905 34
94 1948 72
95 160 83
95 236 8
95 418 73
95 634 83
95 741 4
95 755 88
95 759 40
95 791 33
95 836 62
95 853 65
95 1019 100
95 1127 88
95 1261 12
95 1515 18
96 186 56
96 280 65
96 420 81
96 440 3
96 455 81
96 497 91
96 696 53
96 697 53
96 1116 100
96 1595 4
97 106 87
97 179 32
97 342 72
97 375 47
97 416 22
97 524 27
97 578 43
97 595 25
97 630 29
97 660 72
97 723 92
97 743 92
97 907 43
97 1512 41
97 1763 100
97 1781 60
98 297 93
98 1959 88
99 143 75
99 178 93
99 180 95
99 224 87
99 247 25
99 345 11
99 467 72
99 477 17
99 534 46
99 1053 58
99 1141 45
99 1165 49
99 1275 80
99 1443 64
99 1453 62
99 1677 59
99 1753 57
100 491 85
100 1018 51
100 1044 29
101 184 45
101 207 25
101 411 68
101 951 10
101 979 28
101 1162 85
102 205 76
102 332 32
102 1023 51
103 371 33
103 600 47
103 611 74
103 832 50
103 1512 68
103 1748 60
103 1871 100
104 224 84
104 335 35
105 124 80
105 181 85
105 203 10
105 237 55
105 397 16
105 442 46
105 541 40
105 673 25
105 896 27
105 908 38
105 931 87
105 1076 89
105 1114 42
105 1550 39
105 1798 18
105 1989 54
106 185 17
106 338 30
106 776 74
106 1435 42
106 1578 78
107 115 65
107 161 62
107 238 66
107 310 46
107 354 62
107 433 25
107 441 16
107 538 61
107 656 98
107 803 66
107 818 49
107 932 94
107 944 86
107 987 22
107 1068 27
107 1408 74
107 1410 39
107 1582 64
107 1612 53
107 1816 66
108 116 46
108 150 61
108 176 49
108 178 19
108 202 51
108 490 68
108 560 82
108 590 96
108 645 10
108 678 67
108 729 57
108 742 21
108 783 3
108 798 13
108 822 40
108 1031 31
108 1218 24
108 1664 65
109 174 82
109 276 55
109 349 96
109 613 28
109 614 61
109 733 87
109 837 36
109 845 33
109 1055 29
109 1073 8
109 1159 22
109 1170 8
109 1375 25
109 1623 77
109 1727 91
110 134 52
110 165 57
110 292 70
110 299 77
110 386 35
110 539 71
110 634 93
110 827 8
110 910 83
110 967 56
110 1166 72
110 1209 25
110 1380 87
110 1845 54
111 133 33
111 156 44
111 217 32
111 222 95
111 271 36
111 305 21
111 313 64
111 318 21
111 473 24
111 485 37
111 491 58
111 559 12
111 643 26
111 712 31
111 713 76
111 780 2
111 879 96
111 997 78
111 1142 37
111 1348 85
111 1369 18
111 1498 32
111 1565 26
111 1771 62
111 1776 51
111 1801 68
111 1881 74
111 1964 18
112 122 56
112 339 19
112 436 36
112 464 36
112 493 55
112 601 36
112 648 45
112 682 25
112 683 22
112 694 35
112 765 43
112 922 9
112 1053 7
112 1307 53
112 1705 75
112 1828 86
113 120 13
113 223 31
113 280 86
113 404 91
113 460 20
113 486 64
113 767 71
113 928 65
113 959 11
113 1099 38
113 1500 5
113 1586 5
114 307 46
114 311 54
114 454 22
114 691 13
114 713 31
114 1024 80
114 1114 51
114 1342 22
114 1405 86
114 1758 9
114 1859 17
114 1889 86
114 1918 88
115 1802 70
116 143 97
116 182 42
116 186 80
116 528 43
116 561 84
116 909 56
116 1877 95
117 354 18
117 591 68
117 789 58
117 1226 56
117 1324 72
118 175 87
118 214 60
118 287 2
118 288 18
118 509 88
118 566 30
118 586 27
118 765 61
118 796 21
118 881 5
118 980 69
118 1362 35
119 1256 16
119 1416 54
119 1452 99
120 174 93
120 357 68
120 717 50
120 991 95
120 1592 32
120 1672 64
120 1968 82
121 181 40
121 449 45
121 651 67
121 882 47
121 1006 68
121 1174 83
121 1662 10
121 1730 11
121 1779 96
121 1816 77
121 1971 10
122 167 26
122 342 65
122 351 90
122 458 36
122 540 2
122 619 24
122 760 88
122 1208 33
122 1268 61
122 1473 52
123 244 34
123 334 66
123 336 17
123 797 91
123 1114 85
123 1244 34
123 1365 98
123 1469 87
123 1616 75
123 1841 50
123 1919 28
124 460 24
124 1761 36
125 269 64
125 534 53
125 1032 41
125 1378 18
125 1673 17
126 190 41
126 233 64
126 294 13
126 625 23
126 828 25
126 950 36
126 1591 61
126 1909 33
127 205 66
127 246 27
127 477 89
127 653 20
127 701 25
127 780 75
127 794 89
127 808 95
127 1190 82
127 1814 90
128 254 17
128 265 94
128 751 28
128 1020 75
129 134 13
129 265 12
129 305 8
129 322 76
129 731 53
129 771 75
129 876 31
129 922 89
129 937 99
129 1007 22
129 1074 98
129 1100 49
129 1524 9
129 1591 65
129 1625 14
129 1830 7
129 1872 69
130 144 16
130 197 28
130 246 60
130 260 28
130 296 66
130 333 60
130 742 66
130 861 12
130 1032 31
130 1310 58
130 1382 100
130 1628 30
130 1747 42
130 1935 14
131 284 56
131 348 6
131 1699 66
132 246 35
132 424 14
132 558 4
132 590 24
132 603 74
132 937 28
132 1252 19
132 1603 88
132 1819 28
132 1850 73
133 171 88
133 221 60
133 288 10
133 310 47
133 311 31
133 340 44
133 568 30
133 762 28
133 782 41
133 809 68
133 1012 41
133 1047 12
133 1152 22
133 1490 71
133 1508 54
133 1523 87
133 1760 17
134 204 32
134 486 19
134 1369 80
134 1593 86
135 149 83
135 320 39
135 499 7
135 1287 29
136 146 51
136 314 17
136 372 31
136 425 57
136 714 43
136 922 55
136 934 99
136 1016 17
136 1445 51
136 1785 8
136 1927 46
136 1951 33
137 188 73
137 561 43
137 891 11
137 1103 45
137 1369 41
137 1433 42
137 1992 96
138 149 95
138 191 79
138 321 83
139 205 35
139 660 86
139 698 77
139 1777 19
140 145 18
140 222 68
140 276 88
140 461 20
140 560 30
140 563 19
140 593 39
140 755 23
140 1159 24
140 1300 14
140 1347 62
141 445 49
141 551 6
141 590 99
141 652 70
141 730 38
141 862 73
141 1236 10
141 1377 96
141 1401 10
141 1890 71
141 1918 69
142 168 97
142 214 42
142 215 44
142 234 6
142 290 38
142 405 3
142 450 34
142 503 62
142 522 99
142 1067 40
142 1191 38
142 1275 53
142 1928 97
143 165 22
143 166 30
143 651 82
143 1074 2
143 1714 45
144 536 82
144 567 48
144 586 64
144 711 77
144 933 98
144 998 88
144 1271 55
144 1431 47
144 1506 52
145 221 63
145 293 53
145 382 41
145 445 34
145 550 83
145 853 66
145 1136 34
145 1342 46
145 1568 78
145 1630 88
146 160 69
146 434 24
146 552 22
146 905 16
146 1385 100
146 1711 24
147 177 3
147 189 17
147 201 87
147 305 80
147 320 76
147 406 57
147 413 21
147 604 18
147 748 1
147 773 52
147 801 38
147 806 60
147 889 55
147 1543 8
147 1556 64
147 1683 89
147 1916 78
148 1908 34
149 370 46
149 494 1
150 184 99
150 457 23
150 607 67
150 968 34
150 984 68
150 1035 98
150 1107 14
150 1237 45
150 1617 88
150 1750 45
151 176 4
151 273 79
151 301 83
151 338 19
151 858 68
151 977 62
151 1005 77
151 1068 97
151 1111 9
151 1213 5
151 1245 52
151 1259 25
151 1467 10
151 1618 94
151 1627 22
151 1645 49
151 1856 61
151 1870 4
151 1982 76
152 261 75
152 281 58
152 872 62
152 1457 91
152 1940 49
153 189 50
153 239 37
153 428 92
153 711 12
153 1768 74
154 463 24
154 518 34
154 571 93
154 706 59
154 785 25
154 816 2
154 972 97
154 991 23
154 1295 53
154 1360 37
154 1639 94
155 542 38
155 778 73
155 1151 71
155 1723 65
155 1725 71
156 279 57
156 768 98
156 1501 64
156 1835 87
157 661 11
157 955 28
157 1099 94
158 193 85
158 248 93
158 320 36
158 349 99
158 380 83
158 400 75
158 533 27
158 936 24
158 1183 32
158 1254 73
158 1281 59
159 365 11
159 368 68
159 842 89
159 883 94
159 1115 32
159 1490 42
159 1510 34
159 1936 45
160 187 14
160 462 91
160 471 14
160 743 84
160 1106 97
160 1130 28
160 1435 86
160 1646 76
160 1700 36
161 262 62
161 264 82
161 414 22
161 696 4
161 1156 96
161 1863 14
161 1906 68
162 472 22
162 594 97
162 687 29
162 786 74
162 827 97
162 840 41
162 995 7
162 1037 10
162 1101 81
162 1316 96
162 1390 54
162 1398 77
163 170 83
163 186 90
163 267 21
163 294 67
163 574 4
163 684 41
163 815 83
163 840 10
163 1129 78
163 1405 23
163 1523 94
163 1882 70
163 1975 30
163 1986 43
164 387 22
164 427 15
164 652 78
164 852 85
164 882 1
164 944 76
164 1197 52
164 1715 50
164 1747 80
165 274 13
165 668 33
165 726 80
165 923 61
165 1346 9
165 1685 19
166 171 75
166 183 7
166 210 87
166 252 29
166 326 22
166 345 18
166 955 22
166 1143 43
166 1255 45
166 1825 24
166 1922 6
166 1968 50
167 414 63
167 635 76
167 1164 33
167 1831 81
168 232 2
168 417 66
168 511 6
168 803 16
168 865 38
168 885 3
168 1779 16
169 1253 13
170 283 89
170 355 71
170 779 12
170 805 66
170 1262 3
170 1274 62
170 1298 6
170 1341 60
170 1879 89
171 276 49
171 511 29
172 296 33
172 365 37
172 427 70
172 555 49
172 899 80
172 1084 2
172 1205 95
172 1242 89
173 315 65
173 1229 14
174 278 80
174 331 100
174 400 19
174 418 81
174 573 73
174 621 75
174 1317 92
174 1581 20
174 1667 25
174 1924 3
175 330 81
175 1777 62
175 1830 14
176 241 83
176 249 97
176 270 1
176 282 11
176 505 36
176 571 14
176 599 13
176 626 83
176 841 98
176 844 22
176 1126 65
176 1481 58
176 1706 90
176 1812 49
176 1893 82
177 542 17
177 1633 45
177 1692 57
178 272 85
178 929 12
178 1482 54
178 1540 72
178 1545 52
178 1939 15
179 1053 57
179 1509 84
180 236 58
180 317 13
180 1384 53
180 1423 30
180 1445 16
180 1614 85
180 1847 55
181 183 48
181 195 25
181 537 85
181 1023 98
181 1134 78
182 245 50
182 303 76
182 410 98
182 415 66
182 647 42
182 669 81
182 726 68
182 761 52
182 784 88
182 889 61
182 966 53
182 1223 28
182 1518 2
182 1549 52
182 1678 10
182 1962 80
183 206 20
183 284 18
183 325 100
183 344 13
183 1083 35
183 1409 94
184 287 16
184 289 19
184 451 16
184 582 45
184 683 41
184 1203 5
184 1390 89
184 1462 58
184 1494 84
185 218 18
185 241 71
185 249 49
185 257 20
185 466 2
185 519 75
185 908 76
185 1325 48
185 1599 65
185 1643 6
186 257 50
187 197 74
187 510 73
187 527 21
187 816 48
188 211 97
188 342 53
188 384 8
188 396 3
188 462 27
188 669 34
188 684 78
188 1551 61
188 1773 55
188 1861 59
189 534 24
189 619 79
189 1138 49
189 1461 40
190 725 89
190 1057 77
190 1234 1
191 358 53
191 592 95
191 916 3
191 1313 37
191 1324 82
191 1399 20
191 1459 80
191 1501 81
192 338 23
192 365 53
192 754 79
192 1221 78
192 1398 39
192 1534 32
193 292 14
193 377 74
193 450 49
193 472 40
193 489 56
193 598 14
193 659 40
193 731 68
193 840 69
193 861 6
193 864 49
193 927 11
193 970 16
193 1064 44
193 1224 9
193 1521 63
193 1552 57
193 1807 17
194 412 61
194 445 11
194 489 71
194 859 88
195 230 45
196 271 24
196 335 74
196 379 31
196 530 41
196 638 20
196 1051 19
196 1150 47
196 1162 87
196 1681 36
197 237 57
197 259 68
197 340 2
197 399 29
197 422 50
197 503 49
197 576 71
197 579 97
197 673 21
197 728 78
197 981 62
197 1257 99
197 1506 23
197 1643 95
197 1692 56
198 405 26
198 531 91
198 551 65
198 603 56
198 715 65
198 1242 52
199 322 98
199 346 99
199 436 10
199 444 81
199 548 93
199 627 45
199 644 17
199 680 34
199 1218 3
200 215 77
200 243 93
200 286 98
200 495 16
200 944 25
201 939 63
201 1023 10
201 1308 95
201 1895 57
203 369 100
203 556 38
203 1089 44
204 252 54
204 386 88
204 448 79
204 610 34
204 846 45
204 1030 73
204 1117 77
204 1213 2
205 213 59
205 391 65
205 406 39
205 422 31
205 1215 73
205 1315 99
206 268 21
206 508 79
206 628 53
206 740 80
206 822 85
206 958 41
206 1264 12
206 1429 54
206 1469 62
206 1518 69
206 1884 85
207 498 6
207 535 39
207 1013 58
207 1073 31
208 404 99
208 546 78
208 934 80
208 973 97
208 1075 25
208 1188 37
208 1219 11
208 1554 43
208 1652 94
208 1741 30
208 1793 89
209 309 99
209 454 24
209 476 47
209 812 88
209 1007 91
209 1190 18
209 1208 72
209 1491 23
209 1839 81
209 1842 59
209 1863 24
210 262 4
210 333 39
210 370 16
210 650 15
210 738 92
210 894 79
210 1081 4
210 1095 49
210 1671 80
211 253 44
211 364 79
211 696 51
211 848 97
211 872 78
211 998 92
211 1420 9
211 1705 3
211 1836 72
211 1873 88
212 216 65
212 474 66
212 676 76
213 347 95
213 774 3
213 1054 69
213 1216 67
213 1341 31
213 1603 34
214 286 65
214 336 31
214 762 73
214 918 77
214 1489 59
214 1786 51
215 266 51
215 321 86
215 381 86
215 801 67
216 356 88
216 446 84
216 841 31
216 893 95
216 1092 36
217 377 39
217 459 20
217 490 99
217 741 17
217 869 59
217 1255 50
217 1388 80
217 1418 83
217 1544 37
218 888 83
218 1192 18
218 1577 53
218 1615 76
218 1781 27
218 1952 1
219 240 71
219 308 38
219 331 53
219 347 15
219 379 28
219 514 79
219 679 4
219 799 6
219 1093 13
219 1279 9
220 487 89
220 676 40
220 839 35
220 1444 11
221 263 82
221 509 89
221 786 89
221 1181 59
221 1284 77
221 1340 82
221 1760 33
221 1847 17
222 309 9
222 390 70
222 834 16
222 1031 56
222 1694 14
223 540 83
223 646 89
223 959 82
223 961 2
223 1011 75
223 1037 76
223 1337 29
223 1618 5
223 1681 19
223 1789 32
224 356 39
224 581 89
224 653 90
224 932 27
224 954 89
224 1285 41
225 353 17
225 1374 90
226 254 32
226 535 58
226 895 8
226 1174 46
226 1653 30
226 1730 35
227 409 1
227 814 15
227 1065 3
227 1204 68
227 1294 58
227 1598 77
227 1862 60
227 1987 54
228 278 27
228 316 59
228 1110 88
228 1568 11
229 231 45
229 257 79
229 289 63
229 778 44
229 1818 77
229 1870 7
230 249 66
230 1336 69
231 316 2
231 648 77
231 1034 90
231 1689 3
232 406 90
232 422 72
232 717 58
232 904 35
232 915 89
232 1029 55
232 1589 25
232 1623 18
232 1727 35
232 1762 11
233 235 52
233 247 22
233 277 34
233 494 56
233 631 7
233 764 32
233 1015 91
233 1374 34
233 1437 65
234 469 84
234 751 44
234 772 73
234 1050 60
234 1710 69
235 295 38
236 348 20
236 372 18
236 478 98
236 511 9
236 562 95
236 647 77
236 863 5
236 1822 32
236 1848 78
237 1124 55
237 1128 16
237 1264 57
238 589 58
238 972 45
238 1332 46
238 1536 45
238 1708 82
239 314 5
239 323 95
239 328 77
239 344 48
239 441 70
239 760 27
239 901 80
239 1233 100
239 1335 25
239 1419 42
239 1487 72
239 1555 22
239 1764 44
240 403 5
240 609 36
240 707 69
240 1010 90
240 1275 36
240 1995 79
242 361 56
242 391 97
242 452 94
242 473 100
242 525 98
242 857 34
242 982 19
242 1173 88
242 1524 42
242 1535 34
242 1780 68
242 1931 42
242 1938 35
243 317 1
243 451 34
243 556 3
243 695 45
243 709 20
243 871 82
243 1366 44
243 1521 97
243 1535 6
243 1701 72
243 1783 68
243 1979 78
244 1462 53
245 270 69
245 295 14
245 297 64
245 351 38
245 434 86
245 522 49
245 835 100
245 838 79
245 961 19
245 1250 20
245 1282 36
245 1659 22
245 1684 24
245 1851 32
246 537 57
246 552 8
246 628 97
246 675 17
246 810 14
246 1135 80
246 1231 54
246 1412 48
246 1419 38
246 1675 45
247 301 67
247 347 50
247 528 83
247 847 57
247 963 64
247 1011 16
247 1559 79
247 1624 34
248 312 26
248 640 96
248 704 35
248 779 34
248 1479 62
248 1835 32
249 407 7
249 706 40
249 1054 39
249 1796 36
249 1989 8
250 256 72
250 316 55
250 1109 48
250 1134 55
250 1138 96
250 1890 91
250 1958 64
251 1148 72
251 1206 59
252 389 79
252 524 67
252 549 34
252 677 74
252 935 21
252 1251 6
252 1570 92
252 1690 79
252 1950 46
253 1205 42
253 1719 66
254 261 94
254 285 43
254 299 53
254 325 29
254 346 44
254 1360 57
255 288 61
256 957 92
256 1600 36
257 765 78
257 1954 21
258 637 35
258 807 99
258 924 22
258 1068 36
258 1072 26
258 1105 35
258 1531 76
258 1774 40
259 1855 16
260 363 18
260 419 93
260 527 38
260 793 24
260 1060 81
260 1064 82
261 410 73
261 533 5
261 592 33
261 728 51
261 739 14
261 771 2
261 1005 64
261 1205 100
262 1059 19
263 273 59
263 370 39
263 378 30
263 385 45
263 506 84
263 522 25
263 995 91
263 1109 17
263 1165 80
263 1214 42
263 1666 33
263 1792 90
264 430 45
264 560 60
265 277 2
265 818 41
265 996 49
265 1136 46
265 1346 84
266 404 15
266 435 31
266 507 74
266 583 77
266 651 33
266 663 79
266 720 84
266 886 100
266 897 17
266 1077 49
266 1089 4
266 1176 56
266 1272 83
266 1394 42
266 1507 56
266 1608 61
266 1620 98
266 1674 39
266 1695 66
267 1971 12
268 424 32
268 578 60
268 633 89
268 683 76
268 731 59
268 776 16
268 1916 20
269 273 64
269 479 94
269 703 29
269 1601 36
270 530 51
270 624 95
270 1536 52
270 1832 56
271 291 14
271 354 36
271 650 78
271 660 84
271 804 95
271 878 57
271 1624 34
271 1686 67
271 1921 3
272 330 80
272 1240 61
273 324 60
273 501 79
273 596 11
273 738 47
273 831 92
273 1033 18
273 1058 63
273 1334 31
273 1387 54
273 1468 40
273 1648 89
273 1742 37
274 549 76
274 638 75
274 1137 41
275 519 66
275 820 5
275 1999 30
276 1096 91
276 1288 98
276 1546 78
276 1750 57
276 1765 97
277 758 30
277 967 3
277 1127 43
277 1163 41
277 1332 44
277 1712 85
278 299 34
278 362 7
278 437 95
278 542 4
279 491 96
279 616 49
279 727 27
279 735 69
279 1454 49
279 1930 51
280 1238 52
281 659 46
281 983 47
281 1573 73
281 1583 25
282 329 67
282 363 81
282 550 23
282 900 34
282 1355 68
282 1544 74
282 1706 88
282 1736 78
282 1984 64
283 614 12
283 1897 28
284 298 57
284 360 3
284 686 41
284 1109 85
284 1186 1
284 1593 34
284 1873 58
285 561 66
285 1201 72
286 439 94
286 598 88
286 789 43
287 844 17
287 1752 22
288 315 50
288 501 41
288 707 57
288 806 85
288 811 83
288 895 14
288 1183 10
288 1185 36
288 1427 31
290 764 53
290 1102 3
290 1716 36
291 402 30
291 416 80
291 873 28
292 393 54
292 1290 50
292 1317 44
292 1448 41
292 1798 80
293 336 49
293 827 82
293 932 73
293 1996 50
294 1006 70
294 1090 4
294 1170 2
294 1626 22
295 715 92
295 781 36
295 852 92
295 894 92
295 1161 95
295 1823 3
296 397 31
296 1673 21
297 507 38
298 301 4
298 357 1
298 428 39
298 566 29
298 637 89
298 656 87
298 763 38
298 865 20
298 873 48
298 1078 35
298 1193 29
298 1361 58
298 1538 43
298 1691 75
298 1728 88
299 654 83
299 1403 97
299 1718 96
299 1833 75
300 326 3
300 359 53
300 388 7
300 768 70
300 938 58
300 1008 41
300 1014 63
300 1831 72
300 1949 68
301 364 22
301 429 54
301 503 20
301 646 84
301 668 16
301 885 9
301 985 40
301 1002 60
301 1084 26
302 372 77
302 433 13
302 459 15
302 569 80
302 878 44
302 1132 60
302 1155 20
302 1574 3
303 466 18
303 517 76
303 787 27
303 805 98
303 925 95
303 999 80
303 1002 88
303 1321 30
303 1539 100
303 1859 85
304 478 81
304 1305 17
304 1452 23
305 391 95
305 402 88
305 545 49
305 581 68
306 360 40
306 461 1
306 484 80
306 828 43
306 1609 37
307 671 97
307 703 66
307 815 7
307 818 1
307 1557 77
308 418 89
308 605 27
308 621 77
308 804 6
309 409 80
309 458 21
309 641 77
309 766 25
309 800 10
309 825 25
309 881 1
309 1194 37
309 1485 91
309 1887 9
310 402 85
310 403 66
310 439 72
312 502 34
312 912 37
312 1085 47
312 1351 86
313 321 30
313 325 79
313 328 64
313 405 99
313 573 5
313 901 100
313 905 23
313 929 24
313 1069 96
313 1429 7
313 1461 66
313 1928 56
313 1975 84
314 877 62
314 1240 89
315 514 47
315 649 87
316 663 73
316 763 99
316 1178 46
316 1561 31
317 836 38
317 842 96
317 1187 62
317 1314 8
317 1394 87
318 618 94
318 1065 39
319 408 76
319 708 21
320 605 7
320 620 53
320 645 76
320 745 8
320 803 100
320 895 3
320 936 26
320 994 78
320 1256 40
320 1273 1
320 1386 91
320 1406 66
320 1474 5
320 1911 5
321 367 45
321 526 37
321 699 1
321 745 81
321 795 84
321 884 18
321 1169 100
321 1194 28
321 1330 68
321 1381 18
321 1696 48
322 693 58
322 1414 27
322 1765 33
323 516 16
323 953 82
324 902 18
324 1290 91
324 1480 85
324 1899 65
326 368 75
326 384 39
326 437 84
326 729 56
326 898 97
326 906 38
326 1221 15
326 1322 42
326 1346 86
326 1584 39
326 1907 12
327 775 67
327 920 39
327 1635 92
327 1732 93
328 360 86
328 876 83
328 999 82
328 1100 9
329 400 85
329 759 90
329 823 89
329 1348 93
330 492 67
330 772 69
330 914 55
330 1687 22
331 778 58
331 1078 77
331 1158 46
332 358 42
332 382 83
332 571 39
332 943 51
332 1212 53
332 1321 49
332 1821 25
333 620 41
333 1033 81
333 1233 35
333 1920 10
334 1265 12
335 855 36
335 1108 90
336 472 56
336 553 93
336 574 75
336 971 62
336 1117 26
336 1133 35
336 1217 81
336 1351 48
336 1638 23
336 1704 30
336 1778 78
336 1946 55
339 412 37
339 834 16
339 1177 92
339 1548 66
339 1620 8
339 1891 52
340 1613 51
341 384 62
341 456 82
341 613 69
341 1350 41
341 1709 46
341 1804 67
341 1902 70
342 1331 34
343 1022 53
343 1042 67
343 1137 9
343 1180 97
343 1190 79
344 574 98
344 761 94
344 930 59
344 1214 22
344 1261 45
344 1574 3
345 526 67
345 1663 19
346 375 48
346 548 31
346 1295 57
346 1782 58
346 1951 72
347 531 77
347 773 15
347 876 51
347 1145 35
347 1278 95
347 1671 73
348 672 22
348 970 6
348 1329 2
348 1449 85
350 408 8
350 1253 92
350 1535 91
350 1537 18
350 1878 55
351 447 38
352 393 93
352 438 70
352 732 15
352 1495 19
354 1587 47
355 457 29
355 555 73
355 843 62
355 1162 90
356 382 69
356 626 19
356 662 85
356 804 17
356 1172 20
356 1359 23
357 478 66
357 769 43
357 832 58
357 1147 87
357 1157 18
357 1449 80
358 401 51
358 627 76
358 685 26
358 1508 96
358 1913 41
359 640 88
359 650 59
359 988 36
359 1029 68
359 1331 21
360 566 88
360 779 51
360 950 66
360 958 40
360 1216 4
360 1231 46
360 1248 63
360 1501 28
361 740 95
361 811 7
361 1021 39
361 1082 37
361 1248 22
361 1356 17
361 1440 24
361 1664 24
362 563 65
362 601 16
362 830 94
362 865 100
362 877 80
362 1047 98
362 1502 88
362 1655 29
362 1742 9
362 1777 6
362 1876 19
363 385 4
363 467 93
363 489 36
363 1035 28
363 1870 99
363 1895 42
364 770 13
364 863 62
364 1196 88
364 1466 14
364 1647 74
365 1667 59
365 1902 95
366 443 18
366 554 14
366 577 65
366 617 44
366 620 83
366 624 85
366 702 4
366 899 57
366 1028 13
366 1129 16
366 1349 2
366 1579 79
366 1623 77
366 1737 100
366 1846 39
367 1228 42
367 1440 8
368 664 20
368 693 80
368 830 52
368 926 49
368 1038 50
368 1397 89
369 430 63
369 456 3
369 512 17
369 547 47
369 564 68
369 933 52
369 960 8
369 1379 85
369 1465 100
369 1498 96
369 1958 65
370 416 38
370 544 38
370 1097 37
371 423 90
372 462 99
372 508 53
372 641 17
372 1472 12
372 1722 49
373 617 22
373 1389 33
373 1528 16
373 1861 36
374 497 59
374 846 91
375 398 32
375 415 14
375 487 68
375 523 73
375 567 62
375 866 51
375 943 29
375 1083 99
375 1362 74
375 1921 13
375 1967 48
376 417 50
376 558 6
376 678 75
376 795 24
376 857 19
377 749 70
377 855 11
377 1017 58
377 1148 77
377 1742 69
378 1632 72
381 1367 42
382 413 98
382 430 52
382 759 2
382 769 1
382 870 90
382 1453 22
382 1865 19
382 1867 77
383 956 87
383 968 39
383 1044 43
384 705 33
384 963 35
384 1517 31
384 1615 21
385 398 5
385 830 82
385 833 59
385 1253 42
385 1791 62
386 495 92
386 802 94
386 945 62
386 1797 96
389 408 44
389 426 70
389 460 2
389 1379 91
389 1664 18
390 483 12
390 584 65
390 626 95
390 719 33
390 724 26
390 1166 86
390 1675 31
390 1697 32
390 1724 11
390 1739 95
391 455 39
391 485 5
391 692 8
391 721 36
391 730 47
391 1074 48
391 1608 65
392 500 2
392 1072 68
392 1762 30
393 576 3
393 721 38
393 1338 7
394 395 44
394 791 48
394 914 78
394 1395 99
394 1701 65
395 763 95
395 866 45
396 504 28
396 541 73
396 580 56
396 1003 1
396 1258 3
396 1829 38
397 492 12
397 520 43
397 644 67
397 750 84
397 785 20
397 957 67
397 980 77
397 1045 28
397 1133 57
397 1187 93
397 1380 33
397 1493 30
397 1561 86
397 1653 26
397 1707 63
397 1792 11
397 1911 46
398 1443 18
399 523 92
399 941 44
399 1524 62
400 1028 18
400 1110 52
401 637 21
401 1002 23
401 1327 26
401 1746 81
401 1952 68
402 973 18
402 1069 1
403 758 72
404 454 45
404 1500 76
405 700 6
406 926 86
407 832 34
407 1570 67
407 1694 33
407 1908 91
408 446 9
408 515 62
408 728 27
408 735 58
408 736 48
408 737 41
408 748 98
408 829 90
408 870 15
408 904 4
408 940 51
408 1001 89
408 1086 44
408 1318 82
408 1347 27
408 1640 56
408 1658 96
408 1856 19
408 1889 71
409 512 37
409 989 41
409 1306 1
410 842 87
410 1217 75
410 1305 75
410 1410 68
410 1575 83
411 587 61
411 880 3
411 1421 82
411 1796 41
412 1582 49
414 436 34
414 948 51
414 1027 60
414 1092 16
414 1237 49
414 1691 44
415 512 14
415 618 8
415 964 53
415 1311 77
415 1848 100
415 1907 71
416 442 84
416 631 77
416 1135 60
416 1267 15
416 1680 65
417 442 1
417 1203 2
418 448 67
418 831 77
418 1210 87
419 469 31
419 1033 51
419 1402 72
419 1511 6
419 1628 30
419 1957 33
420 819 26
420 850 58
420 1302 12
421 638 17
421 879 84
421 1775 60
422 1177 65
422 1838 55
423 513 72
423 1015 3
423 1095 32
423 1101 18
423 1261 3
423 1310 74
423 1311 77
423 1504 22
423 1646 88
425 481 23
425 569 72
425 1376 100
425 1494 20
426 505 37
426 576 27
426 699 39
426 903 69
426 982 10
426 1001 44
426 1049 43
426 1189 10
426 1358 38
426 1927 41
427 431 31
427 647 87
427 690 42
427 1712 41
428 1263 20
428 1471 88
429 483 22
429 817 48
429 1139 87
430 1091 40
430 1228 9
430 1943 89
431 1786 22
432 1127 68
432 1168 97
432 1922 6
433 557 100
433 634 27
433 654 27
433 689 20
433 742 20
433 813 63
433 1169 30
433 1484 68
433 1610 12
433 1775 11
433 1907 35
434 482 9
434 1487 61
434 1756 89
435 1120 73
436 488 97
436 653 16
436 1222 67
436 1340 18
436 1834 10
437 694 42
437 1721 60
438 664 34
438 846 79
438 972 45
438 1276 71
438 1289 50
438 1484 76
438 1569 77
438 1857 75
438 1952 54
439 670 21
439 799 88
439 1219 92
440 579 44
440 670 73
440 1347 28
440 1545 68
441 443 49
441 567 63
441 756 66
441 1192 72
443 481 75
443 588 26
443 611 74
443 722 12
443 821 58
443 1260 45
444 947 60
444 1009 93
444 1574 43
445 570 70
446 1933 31
448 714 14
449 969 43
449 1210 62
450 453 20
450 488 72
450 536 65
450 545 73
450 546 89
450 606 65
450 656 64
450 677 92
450 708 80
450 746 3
450 913 24
450 954 15
450 1488 68
450 1653 13
450 1938 18
451 1058 43
451 1596 90
451 1774 85
452 708 4
452 884 37
452 1791 78
452 1941 96
453 699 44
453 879 40
453 1422 99
453 1431 24
454 589 48
454 726 54
454 936 5
454 1038 15
454 1051 66
455 814 85
455 847 28
455 1939 71
456 667 61
456 848 13
456 1182 26
456 1258 15
456 1533 29
456 1778 1
456 1812 35
456 1920 37
457 546 81
457 976 68
457 999 23
457 1032 65
457 1349 52
457 1704 25
457 1717 20
458 573 36
458 839 23
458 1243 87
458 1247 50
458 1551 4
458 1847 37
460 609 38
460 710 79
460 788 27
460 841 52
460 978 28
460 1016 82
460 1439 3
461 860 13
461 1021 56
461 1415 58
461 1657 57
462 809 85
462 1430 62
462 1531 77
462 1669 35
463 521 92
463 828 25
463 985 98
463 1580 66
463 1660 29
464 639 91
464 1425 36
464 1728 67
464 1748 30
465 1209 53
465 1532 56
467 547 85
468 479 6
468 1546 90
468 1860 99
469 594 88
469 970 60
469 1020 72
469 1700 12
471 480 64
471 661 78
471 1411 41
472 593 28
472 921 20
472 1607 25
472 1892 26
473 795 74
473 1220 42
473 1656 54
475 965 88
475 1785 41
476 604 85
476 897 30
476 1726 5
477 718 37
477 792 54
477 1200 76
477 1869 61
478 682 14
478 687 77
478 1695 39
479 515 69
479 580 23
479 1089 22
479 1263 53
479 1319 63
479 1752 89
481 698 37
481 1510 27
481 1914 91
481 1936 96
482 520 36
482 692 85
482 695 83
482 724 38
482 770 7
482 938 83
482 1003 38
483 875 40
483 1278 98
483 1843 91
485 777 21
485 1821 86
485 1873 57
486 678 13
486 1204 47
486 1504 14
486 1528 5
486 1758 33
487 572 56
487 671 28
487 1373 21
487 1454 55
488 916 69
488 1667 65
489 869 82
489 1091 21
490 1008 44
491 719 15
491 1026 70
491 1176 59
491 1457 70
492 1087 33
492 1176 34
492 1724 35
493 753 22
493 808 81
493 1149 66
493 1391 15
494 583 5
494 1788 66
494 1987 43
495 711 66
495 1474 74
496 652 99
497 749 92
497 1121 30
498 1219 55
498 1329 21
498 1875 58
499 691 56
499 883 34
499 975 32
499 1923 34
500 1910 83
501 877 71
502 858 27
502 976 7
502 1355 8
502 1444 68
502 1523 76
504 687 59
504 1433 39
505 962 74
505 1636 34
506 819 63
506 1367 60
506 1680 91
506 1967 6
507 547 65
507 909 65
508 513 42
508 902 79
508 945 37
508 1323 78
509 712 75
509 798 9
509 893 58
509 1309 88
509 1356 95
509 1365 60
509 1422 96
509 1464 4
509 1632 8
509 1806 66
509 1891 19
510 849 61
510 872 6
510 1400 67
511 670 24
511 774 70
511 1726 19
512 595 21
515 535 71
515 610 96
515 1611 75
516 672 32
516 1709 94
517 531 83
517 1707 15
517 1953 25
518 1354 27
518 1378 51
520 1075 12
521 1004 73
521 1061 10
521 1066 94
521 1071 21
521 1149 65
522 1754 85
523 1764 53
524 716 37
525 978 47
525 1151 68
525 1361 47
525 1464 3
525 1516 50
525 1915 58
526 709 9
526 854 4
526 1010 20
526 1167 7
526 1443 12
526 1581 76
528 1045 54
528 1112 79
528 1600 78
528 1731 8
528 1875 9
529 722 16
529 747 89
529 952 91
529 1169 82
529 1215 30
529 1548 57
529 1739 93
529 1786 47
530 1448 35
530 1648 91
530 1728 42
531 1150 85
532 707 65
532 1297 52
532 1684 86
532 1898 5
533 548 98
533 658 92
533 1436 90
534 1304 4
535 1497 65
537 1243 98
538 591 9
538 1307 26
538 1312 59
538 1592 18
538 1629 4
539 1426 53
539 1607 92
540 698 30
540 734 73
540 1095 38
541 1175 11
542 1227 65
543 1868 26
546 1855 26
549 756 59
549 974 17
549 1137 36
549 1498 39
549 1860 15
550 1470 93
550 1492 9
550 1564 55
551 897 27
551 1299 57
551 1585 46
552 994 55
552 1182 72
552 1883 80
553 605 75
553 680 23
555 851 4
555 1018 67
556 884 4
557 867 92
557 950 95
557 1450 47
558 734 34
558 1193 30
559 727 36
559 1014 1
559 1428 78
560 1915 99
561 635 74
561 1364 73
561 1423 29
561 1489 27
563 623 23
563 1371 45
564 633 69
564 706 41
564 766 47
564 845 67
564 1094 40
564 1459 35
565 752 72
565 757 58
565 815 100
565 1152 64
565 1160 84
566 659 15
566 1372 99
566 1590 96
566 1884 39
567 587 84
567 686 76
567 878 28
567 990 39
567 1363 19
569 610 66
569 784 76
569 974 15
569 1354 14
569 1370 59
569 1758 40
569 1858 80
570 898 63
570 1098 10
570 1511 2
570 1528 72
570 1787 63
570 1879 79
570 1988 85
571 741 12
571 752 36
571 860 73
571 1727 44
573 617 75
575 986 85
575 1614 39
575 1943 40
576 579 87
576 580 13
576 639 90
576 820 81
576 915 62
576 1107 12
576 1303 51
576 1458 70
576 1914 87
576 1970 77
576 1993 38
578 720 5
578 757 48
578 1235 10
578 1313 65
578 1732 46
579 964 90
579 983 31
579 1024 53
581 1930 18
582 1097 14
583 733 28
583 899 98
583 1439 29
583 1486 16
583 1645 64
584 993 12
584 1363 63
585 1018 91
585 1780 53
586 1605 33
587 1829 12
588 636 13
588 971 98
589 1836 38
590 611 47
590 672 100
590 967 62
590 988 89
590 1025 14
590 1096 75
590 1107 89
590 1147 9
590 1167 100
590 1175 16
590 1458 70
590 1518 88
590 1765 41
590 1854 91
590 1960 25
591 1237 54
591 1357 83
591 1534 57
591 1621 83
592 770 74
592 981 51
592 1287 1
592 1446 26
594 595 29
594 797 43
594 907 25
594 1015 45
594 1198 27
594 1204 50
595 750 91
595 838 41
595 1080 48
595 1351 46
595 1514 80
595 1819 17
596 600 8
596 662 63
596 727 100
596 787 25
596 871 99
596 883 38
596 1072 65
596 1486 45
596 1495 75
596 1662 24
596 1748 21
597 1428 75
597 1949 7
598 1335 76
599 911 42
600 607 73
600 1299 12
601 673 91
601 705 24
601 905 72
601 1918 54
601 1931 47
602 1383 68
602 1635 68
603 826 49
603 1142 59
603 1211 69
603 1438 21
603 1532 57
604 1025 32
604 1076 87
604 1236 84
604 1426 52
606 904 27
606 1115 96
606 1120 80
606 1827 90
607 817 81
607 1321 94
607 1352 31
608 1553 53
608 1809 79
609 616 62
609 847 82
609 890 92
609 1679 8
610 632 62
610 636 10
610 714 9
610 782 27
610 949 7
610 1675 73
610 1905 41
611 1061 57
612 1153 61
612 1540 45
614 1055 62
614 1167 77
614 1333 80
615 635 2
615 1333 42
616 1555 17
617 1357 80
617 1615 13
618 1345 18
620 793 17
620 1738 47
620 1811 32
621 746 46
622 984 66
623 645 60
623 1286 90
623 1503 20
623 1756 1
623 1784 90
624 945 74
624 1156 70
624 1964 79
625 946 3
625 1052 5
625 1255 92
625 1353 4
625 1588 44
626 640 93
626 1373 82
626 1456 7
626 1744 89
628 1401 12
629 1721 41
630 776 79
630 966 94
630 1168 98
630 1235 67
631 1638 67
632 1976 26
633 854 60
633 1045 51
633 1311 37
633 1342 91
634 1269 25
635 794 4
635 910 17
636 835 94
636 921 50
636 1759 11
637 1459 95
638 655 22
638 1085 35
639 1123 25
639 1141 89
639 1144 65
639 1210 56
639 1236 18
639 1400 49
640 1287 84
641 1584 78
641 1606 58
642 1751 10
643 754 61
644 969 20
644 1124 82
644 1529 50
644 1621 40
645 744 54
645 792 59
645 962 40
645 1049 41
645 1145 100
645 1325 20
645 1805 40
645 1809 38
646 689 41
646 836 97
646 1249 71
646 1449 27
646 1579 9
646 1731 70
646 1893 4
647 667 6
647 941 34
647 1214 81
647 1384 78
648 716 50
649 1408 32
650 1644 77
651 1272 98
652 1348 41
653 882 44
653 1067 70
653 1336 15
653 1448 80
654 666 87
654 1396 41
655 822 23
655 1070 22
655 1146 100
655 1934 57
657 894 91
657 1286 21
657 1610 12
658 802 97
658 851 98
658 965 92
658 1479 59
658 1668 80
659 1041 1
660 1233 14
660 1317 40
660 1384 64
660 1992 87
661 666 7
661 710 93
661 1216 17
661 1318 76
661 1867 77
662 873 27
662 1296 7
662 1397 20
662 1617 42
663 849 66
665 704 39
666 996 73
666 1436 27
666 1475 65
667 806 77
667 935 27
667 1564 46
667 1650 47
667 1996 38
668 1166 44
668 1420 58
668 1689 79
669 887 9
669 946 11
669 1424 82
670 801 78
670 968 26
670 1345 81
670 1454 100
670 1649 43
670 1955 22
671 1027 10
671 1766 87
672 681 23
672 737 6
672 1435 99
672 1492 9
672 1722 21
673 835 81
673 942 37
673 1050 53
673 1323 8
673 1747 59
674 700 26
674 760 9
674 813 96
674 891 67
674 1978 75
675 1251 34
675 1304 80
676 1202 31
676 1399 11
676 1488 10
676 1839 23
676 1916 80
677 826 66
677 1163 5
677 1359 29
677 1455 83
677 1588 52
678 791 65
678 921 33
678 1062 93
678 1148 64
678 1453 51
679 1325 65
679 1751 10
680 1134 91
680 1330 38
681 1451 4
681 1590 65
681 1876 28
682 725 12
682 920 47
682 1086 60
684 834 37
684 1034 31
687 1200 66
687 1385 43
687 1793 45
687 1855 41
688 1396 34
689 1661 73
689 1981 52
691 783 43
691 870 78
691 1048 15
691 1560 75
693 1009 35
693 1012 58
693 1567 13
694 821 44
694 949 20
694 1229 28
694 1519 40
694 1520 93
694 1719 51
695 723 39
695 1468 12
697 939 72
697 1416 17
697 1805 77
698 1189 89
698 1991 80
699 739 52
699 755 87
699 781 48
699 1079 65
699 1924 1
700 1036 49
700 1113 68
700 1658 100
701 1447 82
701 1973 100
702 1005 52
702 1649 19
702 1893 25
702 1919 75
703 853 40
703 1158 35
703 1594 37
704 1596 58
705 753 40
707 888 87
707 1060 81
708 854 100
708 1049 31
708 1793 92
709 1813 65
709 1904 9
710 833 8
710 948 92
710 1131 78
710 1480 22
711 1874 99
712 1191 5
714 1118 48
714 1665 58
714 1769 4
716 919 67
716 1866 54
718 1446 5
719 1466 53
720 1227 67
720 1715 99
721 953 52
721 977 59
721 1276 87
721 1403 94
721 1526 62
721 1592 78
721 1627 90
721 1826 46
721 1894 9
723 814 63
723 1145 56
723 1802 98
724 1132 92
724 1826 89
725 930 8
725 1059 61
725 1192 56
725 1465 89
725 1773 16
725 1951 62
725 1983 10
726 850 67
726 1343 30
728 1206 38
729 946 85
729 1170 75
729 1262 53
729 1440 14
730 1042 92
730 1376 59
730 1412 75
730 1554 97
731 951 92
732 1982 74
733 1056 20
733 1823 28
733 1901 33
734 1067 73
734 1087 10
736 886 79
736 1843 22
736 1960 29
736 1977 95
737 1048 69
737 1075 86
737 1475 87
737 1525 83
739 859 25
739 981 78
739 982 12
739 1124 31
739 1481 13
739 1795 82
739 1844 5
741 1678 19
742 919 44
742 928 27
742 1160 19
742 1406 43
743 1241 8
743 1891 16
744 1143 40
745 1360 51
746 963 99
746 1896 36
747 807 34
747 1522 72
747 1646 84
747 1693 40
747 1857 28
748 906 32
748 1151 3
748 1497 26
750 1087 1
750 1450 85
751 855 6
751 1139 30
751 1405 67
751 1587 85
751 1679 6
751 1979 100
752 856 18
752 1382 57
752 1408 47
752 1884 28
752 1942 81
753 867 88
755 1057 38
755 1679 35
755 1696 50
756 1066 23
756 1676 80
756 1999 21
757 1885 86
758 925 94
758 1539 61
760 918 26
760 1372 100
760 1910 21
764 862 22
765 1026 5
766 992 70
767 1108 58
767 1198 12
768 831 8
768 906 38
768 1046 31
768 1417 43
769 823 84
769 1041 74
769 1152 83
770 1062 71
772 1702 45
773 790 69
773 1280 76
773 1308 69
773 1736 49
773 1757 98
773 1834 53
773 1915 12
774 1514 56
776 907 41
776 1963 95
778 787 32
778 1705 70
779 824 73
779 1249 71
780 990 66
780 1425 26
780 1749 59
782 1212 35
784 987 23
784 1755 42
785 1339 26
785 1344 84
785 1451 56
785 1547 31
786 1121 73
787 1157 100
787 1378 60
787 1688 32
787 1966 5
788 1456 32
788 1825 43
788 1887 85
789 1071 76
789 1434 34
789 1897 52
790 927 38
790 979 84
790 1354 68
791 1259 2
794 912 74
794 964 8
794 1031 43
794 1118 97
794 1188 8
796 869 4
796 898 27
798 913 80
799 824 28
799 1247 10
799 1575 52
799 1746 19
800 1099 20
801 845 28
801 860 59
801 1079 2
801 1381 38
801 1476 44
801 1502 53
802 1256 89
803 1392 83
803 1424 14
803 1622 81
804 1844 24
805 937 76
805 1641 44
806 856 15
806 1044 80
807 952 59
807 1013 81
807 1024 83
807 1195 2
807 1577 78
807 1637 9
809 1142 31
809 1199 88
809 1733 15
809 1785 7
811 909 66
811 1080 94
811 1251 7
811 1900 56
812 1037 83
812 1119 41
812 1222 45
812 1282 5
814 1123 76
815 1662 48
815 1716 44
815 1741 91
815 1783 91
817 1371 28
818 1017 79
818 1652 21
818 1852 59
818 1888 24
818 1980 89
821 864 71
823 1300 54
824 1280 92
825 843 54
825 1450 97
827 1527 32
830 1155 21
830 1597 59
831 1246 40
831 1365 5
831 1836 7
831 1896 77
833 1144 91
834 956 15
834 1004 41
834 1026 79
834 1245 65
834 1327 25
834 1407 15
834 1626 53
834 1790 1
835 1923 6
835 1995 43
836 1149 66
836 1543 15
836 1971 28
837 1213 19
840 903 94
841 960 44
841 1086 49
841 1235 11
841 1881 64
842 1198 62
842 1983 54
843 1165 14
844 1800 28
845 940 35
845 1196 91
846 1094 47
846 1813 20
846 1879 11
847 962 74
848 1306 12
848 1636 24
849 1209 13
850 917 3
850 939 72
851 1250 49
851 1508 12
851 1708 3
851 1767 23
854 1730 92
856 1409 24
856 1739 40
857 1326 88
857 1941 37
858 1682 38
858 1701 97
860 1197 35
860 1266 54
860 1549 90
860 1699 80
860 1869 72
861 983 61
861 1076 43
863 1249 93
863 1639 38
864 1101 74
865 1512 1
866 1339 76
866 1409 82
866 1807 34
867 1029 17
867 1909 18
868 920 13
869 965 53
870 913 92
870 1071 40
870 1197 97
870 1439 9
870 1872 10
872 1254 63
872 1515 90
873 1126 75
873 1503 16
873 1759 43
874 1496 83
876 1196 37
876 1199 95
876 1291 53
877 1267 75
881 947 13
881 989 80
881 1000 32
882 1329 73
883 1019 9
883 1547 75
884 1288 89
885 1103 54
885 1829 87
886 891 1
886 1841 10
886 1892 42
887 979 6
888 1372 52
888 1447 41
888 1753 1
889 1207 40
889 1232 84
890 1188 51
891 1377 25
891 1553 98
892 1771 77
893 1296 51
894 1064 43
895 896 84
895 1961 51
896 1138 85
897 1199 37
897 1268 41
897 1640 61
897 1824 30
897 1930 65
898 1284 70
898 1293 22
898 1788 85
899 1225 42
899 1826 61
901 1906 15
904 1628 49
906 1263 19
906 1982 1
907 1102 99
909 1690 4
910 1177 96
911 1379 58
911 1570 6
912 1171 69
916 1850 36
917 1350 20
918 1246 72
919 1382 21
919 1621 74
919 1744 84
919 1780 35
920 1088 18
920 1479 24
920 1709 68
921 1179 93
921 1461 75
921 1848 75
923 1027 71
925 978 58
926 959 50
926 1154 90
926 1158 83
926 1629 98
926 1797 67
927 1043 62
927 1987 11
928 1157 39
929 1164 25
929 1423 55
933 958 14
933 1230 23
934 1272 11
934 1853 84
935 1878 79
936 1859 84
937 1028 97
938 1672 6
939 997 32
939 1006 93
941 1807 60
941 1868 94
942 1207 87
943 1404 18
943 1803 99
943 1911 36
944 1040 32
945 1112 48
945 1283 41
946 1563 83
947 1300 53
947 1491 2
947 1496 5
954 1184 23
955 1637 49
956 1579 37
957 1611 79
957 1612 20
958 1414 67
958 1908 25
960 1393 83
962 1422 71
962 1559 39
962 1681 7
965 1057 63
965 1375 60
965 1599 50
967 1381 47
968 1078 96
968 1495 6
969 1474 72
970 1271 29
970 1689 63
971 1040 25
971 1875 60
972 1096 90
973 1082 21
973 1442 29
973 1586 84
973 1749 98
974 1115 26
974 1121 25
974 1576 3
975 1061 46
977 1281 71
977 1328 28
977 1371 68
977 1522 56
977 1635 19
977 1771 83
977 1804 55
977 1934 67
977 1977 85
978 1432 88
978 1604 13
978 1619 90
978 1761 76
979 1434 40
980 992 92
981 1283 55
982 992 28
983 1141 31
983 1735 81
983 1797 16
984 1000 11
986 1022 79
986 1960 59
987 1020 19
987 1042 27
989 1608 1
990 1633 87
990 1738 86
990 1842 98
990 1967 95
993 1491 68
993 1517 47
993 1733 8
995 1328 6
995 1387 39
995 1560 31
995 1886 26
996 1054 67
996 1123 70
996 1136 55
996 1963 65
997 1314 68
997 1602 58
998 1130 58
998 1703 10
999 1303 59
999 1420 16
999 1661 77
1000 1113 51
1000 1309 72
1000 1794 15
1001 1269 100
1004 1388 16
1004 1551 49
1004 1866 2
1004 1878 56
1005 1238 37
1006 1473 53
1006 1554 58
1006 1585 86
1006 1770 90
1007 1245 68
1007 1269 62
1007 1370 80
1007 1545 54
1008 1828 56
1008 1994 43
1011 1446 78
1011 1602 18
1012 1113 30
1012 1323 19
1013 1506 42
1014 1172 99
1014 1280 39
1014 1834 8
1014 1917 3
1018 1368 35
1018 1831 72
1018 1998 67
1019 1412 97
1020 1186 11
1020 1257 49
1020 1326 5
1020 1519 86
1023 1043 22
1027 1677 62
1028 1799 40
1030 1957 52
1031 1402 66
1031 1979 32
1032 1393 25
1033 1702 31
1034 1147 32
1034 1318 6
1034 1421 47
1036 1203 61
1037 1529 82
1038 1277 60
1039 1248 86
1039 1277 16
1040 1154 84
1040 1252 30
1040 1986 47
1041 1171 15
1042 1349 34
1042 1665 90
1042 1946 15
1043 1620 87
1044 1059 66
1044 1533 4
1044 1817 51
1048 1413 48
1048 1641 99
1048 1901 6
1050 1102 69
1055 1476 93
1056 1297 40
1057 1223 54
1058 1541 4
1058 1692 83
1059 1189 36
1059 1483 72
1059 1978 63
1061 1143 62
1061 1231 99
1062 1268 19
1062 1352 24
1063 1397 32
1065 1119 42
1065 1232 21
1065 1244 75
1065 1273 66
1067 1451 39
1069 1125 88
1069 1265 43
1069 1431 15
1069 1932 72
1069 1950 91
1071 1301 30
1071 1438 99
1071 1477 27
1072 1721 15
1073 1789 30
1073 1799 74
1074 1541 89
1074 1755 30
1074 1776 1
1077 1350 7
1077 1999 37
1078 1097 51
1078 1331 48
1079 1229 77
1079 1411 17
1079 1561 6
1084 1174 30
1084 1373 13
1084 1828 94
1084 1923 48
1085 1276 86
1085 1374 62
1085 1973 23
1086 1140 49
1086 1220 82
1087 1180 33
1087 1543 33
1087 1665 53
1087 1756 100
1087 1898 42
1089 1457 33
1090 1202 7
1090 1854 9
1091 1499 67
1091 1815 76
1091 1972 41
1093 1899 52
1094 1234 82
1095 1225 77
1096 1252 96
1099 1670 84
1099 1881 18
1100 1740 83
1102 1566 25
1104 1415 31
1105 1949 72
1106 1172 7
1108 1442 40
1109 1278 99
1109 1877 45
1111 1754 71
1112 1502 100
1112 1844 63
1114 1833 38
1116 1238 29
1116 1998 48
1117 1782 60
1121 1466 54
1124 1301 77
1125 1513 33
1125 1702 8
1128 1782 8
1128 1788 91
1130 1184 55
1130 1193 79
1131 1164 95
1131 1542 47
1133 1400 26
1134 1580 47
1134 1634 30
1135 1241 38
1135 1315 71
1137 1722 78
1137 1945 29
1137 1981 44
1138 1428 2
1139 1368 70
1139 1660 88
1139 1953 6
1140 1208 78
1142 1482 48
1142 1586 34
1143 1629 44
1144 1403 76
1147 1296 56
1147 1600 11
1147 1736 93
1148 1513 25
1148 1769 35
1149 1882 27
1149 1933 42
1149 1981 58
1152 1392 39
1156 1530 11
1156 1811 1
1156 1888 13
1159 1550 16
1161 1274 50
1165 1234 17
1167 1389 83
1167 1390 36
1167 1801 27
1169 1913 64
1170 1191 83
1170 1266 22
1174 1341 57
1176 1842 54
1178 1594 73
1180 1603 75
1181 1783 73
1182 1438 38
1183 1224 68
1183 1516 24
1184 1616 11
1187 1703 95
1189 1239 40
1189 1522 22
1189 1772 40
1190 1418 84
1191 1668 55
1191 1779 17
1194 1289 35
1194 1641 19
1197 1358 93
1197 1717 82
1197 1892 99
1199 1835 1
1200 1794 86
1202 1320 89
1203 1333 73
1204 1526 46
1204 1790 78
1206 1404 5
1206 1462 56
1207 1320 50
1207 1657 61
1207 1750 40
1208 1463 40
1209 1394 52
1211 1414 87
1214 1484 8
1216 1469 41
1216 1483 9
1216 1612 22
1216 1868 41
1218 1492 72
1220 1577 86
1222 1849 60
1224 1395 15
1224 1596 9
1224 1810 78
1224 1840 49
1225 1752 80
1226 1538 83
1227 1686 80
1228 1281 14
1228 1614 80
1229 1279 3
1230 1566 23
1232 1383 30
1232 1993 27
1233 1270 12
1233 1375 85
1233 1639 64
1234 1572 55
1234 1683 75
1236 1687 8
1236 1865 79
1240 1324 54
1240 1853 73
1242 1478 29
1242 1926 1
1243 1642 20
1243 1737 4
1244 1781 8
1245 1338 68
1245 1609 4
1249 1328 92
1251 1602 74
1251 1969 82
1252 1714 79
1252 1917 97
1253 1576 26
1253 1832 81
1253 1839 65
1254 1650 63
1254 1849 78
1260 1468 61
1262 1538 51
1263 1292 63
1263 1571 65
1264 1818 28
1266 1572 11
1266 1994 74
1268 1718 43
1269 1760 11
1269 1837 19
1273 1391 40
1275 1605 45
1276 1598 85
1277 1815 99
1283 1290 18
1283 1326 26
1283 1587 45
1283 1745 91
1284 1647 36
1284 1720 65
1285 1302 81
1285 1630 81
1289 1642 8
1293 1392 35
1298 1799 15
1299 1399 53
1301 1864 89
1302 1516 73
1303 1391 96
1303 1613 86
1303 1808 99
1303 1941 17
1306 1568 22
1306 1966 26
1306 1993 94
1309 1820 2
1311 1985 72
1312 1388 88
1314 1697 77
1315 1619 90
1317 1912 28
1318 1858 53
1319 1940 9
1321 1417 15
1330 1396 47
1331 1638 51
1332 1820 4
1335 1355 81
1338 1560 81
1338 1946 96
1339 1442 11
1339 1478 74
1340 1942 78
1344 1925 41
1345 1676 62
1345 1800 26
1346 1389 11
1348 1460 64
1348 1668 39
1348 1942 59
1350 1934 99
1351 1904 27
1352 1711 49
1355 1850 100
1357 1536 54
1358 1707 37
1363 1534 74
1364 1470 63
1364 1997 98
1366 1472 19
1370 1490 88
1370 1630 46
1374 1732 92
1374 1880 2
1375 1380 79
1375 1486 36
1375 1517 1
1375 1532 44
1375 1809 94
1376 1860 47
1377 1563 89
1383 1978 55
1384 1716 27
1384 1803 25
1386 1685 44
1386 1820 85
1388 1606 27
1389 1830 24
1389 1983 67
1390 1437 11
1390 1504 87
1392 1974 28
1397 1935 85
1397 1989 14
1398 1813 89
1400 1539 74
1401 1773 47
1401 1965 34
1403 1433 84
1406 1651 2
1406 1654 31
1407 1900 1
1409 1713 92
1410 1821 9
1416 1552 3
1416 1680 28
1416 1767 87
1419 1499 36
1419 1590 84
1419 1685 82
1419 1770 24
1419 1883 66
1419 1917 62
1420 1556 86
1422 1734 45
1423 1544 23
1423 1762 95
1425 1766 73
1434 1763 24
1435 1994 21
1438 1576 11
1441 1477 81
1443 1533 7
1443 1749 4
1443 1944 56
1443 1955 57
1445 1740 49
1446 1489 2
1447 1558 47
1449 1864 32
1450 1471 68
1451 1912 65
1457 1648 52
1459 1663 23
1465 1837 38
1470 1588 55
1470 1597 13
1472 1724 97
1475 1562 24
1477 1625 4
1477 1720 30
1478 1658 63
1479 1607 12
1481 1729 85
1493 1578 66
1493 1948 34
1494 1644 79
1494 1754 11
1494 1922 44
1495 1525 85
1498 1647 21
1503 1802 44
1505 1542 34
1507 1682 79
1507 1824 1
1507 1867 99
1507 1972 8
1510 1767 58
1511 1734 1
1517 1563 76
1517 1943 79
1518 1874 68
1527 1537 98
1527 1547 64
1529 1745 46
1531 1625 7
1534 1845 43
1536 1698 60
1540 1757 50
1540 1789 98
1541 1581 68
1542 1651 26
1544 1744 39
1547 1697 26
1548 1880 7
1549 1582 63
1552 1601 73
1552 1609 21
1552 1852 45
1554 1703 94
1561 1670 11
1561 1735 61
1561 1929 78
1563 1594 16
1564 1704 23
1567 1619 19
1568 1598 6
1569 1656 29
1578 1996 11
1579 1713 39
1581 1968 24
1582 1693 95
1582 1800 10
1582 1851 54
1585 1914 36
1587 1700 45
1593 1733 34
1594 1763 52
1594 1792 42
1596 1980 84
1602 1944 11
1611 1708 62
1613 1958 81
1614 1731 59
1618 1719 46
1627 1899 62
1639 1815 92
1642 1998 95
1652 1997 100
1656 1673 98
1656 1846 24
1659 1937 54
1666 1684 79
1666 1691 82
1672 1770 36
1672 1775 72
1679 1906 69
1680 1682 53
1686 1740 98
1691 1889 41
1692 1726 96
1699 1766 13
1700 1894 97
1703 1965 31
1709 1872 95
1713 1976 42
1719 1928 75
1723 1956 6
1728 1784 16
1731 1840 77
1732 1814 90
1732 1992 65
1735 1795 85
1738 1985 82
1740 1931 38
1744 1903 81
1750 1988 16
1769 1837 25
1778 1864 1
1786 1956 43
1789 1936 57
1795 1986 83
1801 1866 84
1802 1913 10
1807 1833 6
1815 1838 42
1817 1885 52
1819 1865 58
1832 1897 47
1840 1904 12
1842 1877 33
1854 1862 67
1857 1905 38
1860 1925 21
1860 1970 22
1869 1888 68
1870 1932 49
1883 1886 34
1901 1954 97
1924 1997 40
1927 1970 37
1937 1950 99
