2000 5991
0 1 56
0 2 45
0 3 35
0 4 11
0 9 48
0 10 27
0 11 83
0 13 62
0 19 22
0 24 29
0 30 14
0 38 56
0 40 87
0 41 50
0 42 65
0 53 22
0 80 71
0 118 79
0 132 60
0 149 16
0 164 44
0 166 60
0 169 32
0 216 70
0 220 47
0 353 44
0 354 47
0 378 99
0 421 97
0 444 23
0 475 74
0 484 51
0 486 15
0 508 39
0 553 13
0 563 38
0 631 30
0 645 49
0 731 29
0 739 35
0 827 38
0 855 100
0 859 89
0 892 89
0 944 60
0 945 23
0 1054 25
0 1090 24
0 1119 2
0 1164 57
0 1174 27
0 1252 56
0 1364 79
0 1398 28
0 1470 10
0 1500 3
0 1723 100
0 1757 7
0 1797 10
0 1846 65
0 1988 42
0 1994 97
1 4 17
1 5 67
1 7 21
1 8 98
1 9 62
1 10 90
1 12 23
1 14 48
1 18 17
1 20 31
1 21 70
1 23 14
1 28 49
1 31 63
1 39 25
1 45 51
1 51 81
1 66 34
1 79 37
1 81 44
1 96 49
1 101 68
1 104 8
1 106 1
1 119 80
1 122 70
1 151 11
1 157 36
1 177 33
1 190 36
1 239 35
1 248 35
1 258 12
1 263 95
1 268 45
1 278 41
1 304 3
1 306 54
1 315 44
1 319 13
1 385 6
1 389 71
1 411 24
1 460 4
1 465 76
1 467 50
1 514 51
1 532 4
1 552 48
1 569 74
1 571 18
1 572 87
1 582 71
1 584 74
1 592 71
1 641 60
1 698 4
1 716 90
1 814 72
1 836 73
1 853 77
1 877 55
1 889 50
1 898 37
1 903 71
1 905 92
1 911 90
1 923 58
1 949 94
1 958 74
1 996 87
1 1062 59
1 1107 62
1 1127 89
1 1183 54
1 1225 21
1 1244 30
1 1291 5
1 1292 99
1 1328 62
1 1461 56
1 1473 63
1 1529 11
1 1532 34
1 1541 85
1 1563 42
1 1566 73
1 1568 64
1 1616 76
1 1641 24
1 1726 50
1 1810 59
1 1848 54
1 1925 77
1 1950 59
1 1959 17
1 1976 25
2 4 52
2 6 27
2 7 79
2 9 31
2 13 54
2 16 7
2 25 70
2 26 21
2 31 25
2 34 32
2 40 57
2 44 25
2 49 11
2 53 97
2 60 31
2 84 5
2 103 52
2 111 5
2 113 48
2 153 1
2 154 47
2 162 33
2 163 91
2 174 73
2 175 8
2 214 88
2 229 91
2 235 82
2 250 69
2 251 64
2 257 85
2 262 69
2 263 20
2 267 75
2 282 34
2 285 95
2 327 83
2 373 2
2 395 88
2 419 25
2 423 68
2 425 55
2 433 53
2 445 38
2 483 66
2 507 99
2 526 29
2 534 54
2 557 38
2 619 68
2 624 35
2 670 49
2 675 22
2 680 78
2 725 54
2 733 19
2 761 97
2 789 37
2 804 81
2 809 46
2 810 33
2 848 82
2 877 95
2 888 70
2 917 78
2 929 96
2 932 13
2 953 60
2 968 90
2 973 81
2 1023 38
2 1082 80
2 1089 28
2 1117 30
2 1132 92
2 1134 64
2 1155 99
2 1198 72
2 1220 42
2 1260 31
2 1266 56
2 1325 99
2 1348 80
2 1370 56
2 1390 10
2 1397 15
2 1459 82
2 1460 65
2 1673 38
2 1677 56
2 1693 100
2 1737 92
2 1755 74
2 1762 83
2 1824 8
2 1869 61
2 1877 19
2 1889 85
2 1972 100
2 1973 40
3 5 87
3 8 37
3 27 92
3 32 68
3 33 5
3 48 67
3 49 79
3 79 25
3 114 71
3 136 25
3 221 48
3 270 56
3 297 79
3 359 96
3 786 14
3 890 8
3 991 6
3 1027 93
3 1061 70
3 1233 57
3 1262 51
3 1441 17
4 5 23
4 6 39
4 11 55
4 14 44
4 17 88
4 20 8
4 22 90
4 29 43
4 31 85
4 35 1
4 37 43
4 39 23
4 41 23
4 47 41
4 50 87
4 51 42
4 54 77
4 60 51
4 65 41
4 68 95
4 70 55
4 72 50
4 74 72
4 79 83
4 80 50
4 88 38
4 91 45
4 97 24
4 110 36
4 134 43
4 140 19
4 142 47
4 151 69
4 162 78
4 177 90
4 185 78
4 208 31
4 210 33
4 213 40
4 224 65
4 245 76
4 248 37
4 264 31
4 269 93
4 281 93
4 294 21
4 309 18
4 317 81
4 322 13
4 334 27
4 339 62
4 340 67
4 350 15
4 365 19
4 369 10
4 374 74
4 394 29
4 396 81
4 416 1
4 438 14
4 447 11
4 463 23
4 495 92
4 516 73
4 521 18
4 550 64
4 564 53
4 588 73
4 611 6
4 619 82
4 627 98
4 696 9
4 710 56
4 713 28
4 759 43
4 779 12
4 843 45
4 861 86
4 879 100
4 1075 79
4 1131 96
4 1136 96
4 1176 7
4 1195 24
4 1237 25
4 1306 95
4 1311 9
4 1320 93
4 1333 51
4 1343 88
4 1384 23
4 1385 18
4 1401 17
4 1448 55
4 1469 54
4 1528 90
4 1531 94
4 1563 85
4 1611 55
4 1620 20
4 1631 23
4 1690 73
4 1698 95
4 1768 63
4 1780 64
4 1782 48
4 1847 23
4 1897 56
4 1899 72
4 1964 91
4 1980 92
5 6 83
5 10 77
5 12 36
5 16 83
5 23 34
5 26 5
5 28 35
5 32 94
5 35 44
5 36 96
5 61 36
5 70 25
5 75 65
5 102 21
5 115 99
5 118 78
5 119 54
5 126 39
5 139 95
5 156 3
5 165 81
5 168 72
5 173 69
5 198 36
5 216 34
5 255 34
5 272 39
5 289 22
5 303 63
5 335 60
5 424 14
5 454 25
5 456 81
5 478 69
5 497 92
5 502 7
5 525 39
5 607 79
5 658 15
5 677 8
5 679 100
5 686 99
5 694 46
5 706 87
5 728 27
5 733 2
5 787 74
5 819 90
5 901 26
5 939 12
5 953 61
5 980 79
5 1006 20
5 1068 4
5 1102 48
5 1105 1
5 1106 4
5 1115 7
5 1152 77
5 1224 83
5 1226 8
5 1427 53
5 1428 93
5 1450 98
5 1496 71
5 1583 5
5 1812 6
5 1874 94
5 1881 54
5 1901 16
5 1907 40
5 1946 87
6 7 70
6 15 71
6 46 37
6 63 89
6 73 79
6 77 64
6 81 82
6 100 87
6 104 40
6 128 89
6 131 13
6 198 54
6 285 47
6 292 1
6 373 59
6 404 98
6 429 62
6 443 10
6 515 76
6 520 42
6 538 96
6 583 4
6 692 38
6 784 85
6 822 65
6 844 50
6 928 41
6 948 72
6 1048 19
6 1051 61
6 1214 81
6 1221 25
6 1282 82
6 1293 85
6 1381 99
6 1522 81
6 1543 1
6 1562 57
6 1566 74
6 1592 91
6 1643 64
6 1701 76
6 1778 2
6 1982 6
7 8 23
7 13 8
7 16 51
7 24 63
7 37 12
7 41 19
7 53 39
7 54 15
7 55 1
7 63 45
7 89 41
7 120 88
7 133 46
7 152 45
7 161 61
7 176 13
7 177 16
7 191 20
7 193 31
7 217 96
7 233 86
7 265 62
7 266 91
7 268 5
7 294 83
7 312 96
7 318 25
7 342 13
7 367 96
7 376 42
7 397 50
7 409 11
7 436 62
7 437 7
7 460 63
7 472 69
7 475 5
7 478 10
7 499 30
7 581 87
7 618 30
7 655 17
7 659 11
7 675 74
7 736 78
7 738 82
7 802 48
7 820 10
7 928 26
7 961 40
7 971 15
7 995 94
7 1051 24
7 1056 5
7 1150 8
7 1218 73
7 1249 79
7 1303 65
7 1337 55
7 1377 60
7 1437 45
7 1478 4
7 1495 76
7 1504 87
7 1532 54
7 1609 59
7 1704 16
7 1751 65
7 1762 20
7 1870 55
7 1874 2
7 1907 79
7 1917 35
7 1992 49
8 11 25
8 17 74
8 33 24
8 49 94
8 56 43
8 57 2
8 60 35
8 64 23
8 73 46
8 75 39
8 95 22
8 102 76
8 112 9
8 132 4
8 213 61
8 272 43
8 419 32
8 465 28
8 489 4
8 507 14
8 534 45
8 579 49
8 645 100
8 740 54
8 846 43
8 927 30
8 957 74
8 1085 74
8 1166 40
8 1240 60
8 1308 23
8 1313 4
8 1317 5
8 1334 49
8 1380 9
8 1499 90
8 1530 49
8 1609 65
8 1693 67
8 1695 6
8 1721 62
8 1767 63
8 1943 93
8 1979 66
8 1982 93
9 12 24
9 14 5
9 17 97
9 21 44
9 30 74
9 46 98
9 63 27
9 167 19
9 171 21
9 185 18
9 215 65
9 230 99
9 231 80
9 241 88
9 244 81
9 251 42
9 261 80
9 273 8
9 285 22
9 299 44
9 310 64
9 335 40
9 339 81
9 341 62
9 376 65
9 524 99
9 536 95
9 622 27
9 654 15
9 718 15
9 914 63
9 921 84
9 972 83
9 1004 74
9 1014 45
9 1071 81
9 1074 91
9 1165 43
9 1235 12
9 1406 46
9 1460 2
9 1534 59
9 1600 98
9 1604 97
9 1624 63
9 1654 24
9 1658 63
9 1922 40
9 1961 32
9 1962 30
9 1963 71
10 15 2
10 24 65
10 45 19
10 52 6
10 61 71
10 107 90
10 125 99
10 128 76
10 140 62
10 160 88
10 169 36
10 189 14
10 293 92
10 300 43
10 328 58
10 399 88
10 401 3
10 459 41
10 511 61
10 518 92
10 519 71
10 521 53
10 558 34
10 577 80
10 579 25
10 680 7
10 792 17
10 818 61
10 937 73
10 1000 92
10 1053 1
10 1125 34
10 1135 65
10 1159 25
10 1189 85
10 1356 71
10 1374 78
10 1516 26
10 1738 38
10 1759 16
10 1794 46
10 1798 64
10 1867 25
11 130 21
11 1833 58
11 1898 45
12 19 29
12 23 32
12 28 75
12 44 5
12 77 31
12 84 21
12 132 25
12 149 43
12 152 60
12 175 87
12 210 24
12 243 8
12 295 21
12 365 43
12 432 56
12 473 70
12 601 32
12 623 55
12 711 7
12 793 38
12 809 65
12 811 52
12 847 15
12 870 17
12 933 6
12 977 13
12 1016 73
12 1172 80
12 1177 75
12 1187 7
12 1231 88
12 1258 92
12 1292 22
12 1354 52
12 1395 6
12 1408 76
12 1608 57
12 1655 61
12 1777 49
12 1778 58
12 1795 94
12 1796 57
12 1858 16
12 1865 55
12 1909 17
12 1944 60
12 1956 60
12 1988 56
13 15 88
13 18 69
13 21 45
13 27 54
13 38 81
13 54 74
13 78 17
13 94 79
13 97 79
13 105 82
13 109 95
13 114 33
13 133 12
13 135 94
13 141 73
13 155 30
13 175 74
13 212 51
13 215 7
13 244 31
13 260 50
13 374 10
13 438 35
13 482 29
13 517 98
13 530 76
13 535 62
13 542 15
13 615 89
13 685 37
13 702 12
13 703 30
13 719 83
13 727 95
13 798 62
13 799 60
13 899 9
13 902 84
13 990 76
13 999 48
13 1004 29
13 1078 31
13 1102 66
13 1157 86
13 1171 72
13 1178 72
13 1187 24
13 1213 21
13 1248 47
13 1275 65
13 1309 50
13 1585 37
13 1654 18
13 1656 70
13 1661 6
13 1696 24
13 1727 43
13 1836 46
13 1899 43
13 1906 53
13 1930 99
13 1950 76
13 1975 40
14 18 52
14 43 26
14 46 9
14 55 17
14 58 48
14 69 2
14 76 59
14 83 56
14 86 11
14 124 63
14 141 89
14 150 78
14 167 48
14 201 98
14 202 52
14 229 17
14 231 80
14 266 19
14 286 67
14 343 41
14 360 37
14 400 16
14 405 39
14 456 6
14 588 83
14 650 40
14 698 83
14 1061 40
14 1112 80
14 1216 70
14 1347 100
14 1389 80
14 1405 100
14 1429 26
14 1496 100
14 1513 68
14 1519 20
14 1546 81
14 1599 98
14 1600 67
14 1609 63
14 1617 55
14 1623 100
14 1638 93
14 1639 35
14 1743 100
14 1999 33
15 19 70
15 22 17
15 26 44
15 27 20
15 37 50
15 38 43
15 42 87
15 43 36
15 59 65
15 99 96
15 103 56
15 131 48
15 149 80
15 154 31
15 155 75
15 158 79
15 172 49
15 218 93
15 226 98
15 235 33
15 246 17
15 278 44
15 362 97
15 379 84
15 388 13
15 405 83
15 439 95
15 443 83
15 446 39
15 468 17
15 477 67
15 523 63
15 604 18
15 611 82
15 617 89
15 656 31
15 748 68
15 774 76
15 785 96
15 1003 33
15 1057 97
15 1132 17
15 1212 95
15 1216 16
15 1243 64
15 1266 82
15 1270 48
15 1279 53
15 1298 89
15 1304 18
15 1340 43
15 1443 67
15 1712 57
15 1775 56
15 1804 32
15 1886 49
15 1950 15
15 1993 23
16 22 8
16 36 25
16 39 52
16 43 2
16 138 46
16 144 19
16 186 44
16 220 22
16 248 31
16 537 65
16 823 100
16 1044 81
16 1273 76
16 1328 12
16 1344 14
16 1447 27
16 1810 53
17 29 49
17 90 5
17 138 10
17 179 10
17 325 29
17 354 65
17 370 2
17 462 52
17 553 4
17 609 99
17 987 52
17 1069 82
17 1123 27
17 1154 9
17 1352 62
17 1764 54
18 20 8
18 32 57
18 124 19
18 261 61
18 365 49
18 443 55
18 729 42
18 838 74
18 910 30
18 917 1
18 1053 11
18 1390 82
18 1491 98
18 1524 71
18 1532 82
19 25 90
19 30 52
19 34 16
19 52 45
19 65 31
19 68 51
19 71 63
19 74 26
19 98 50
19 117 89
19 125 73
19 126 51
19 128 100
19 133 63
19 142 30
19 144 3
19 166 31
19 182 68
19 191 83
19 194 29
19 199 3
19 214 12
19 234 31
19 236 70
19 237 72
19 250 15
19 265 99
19 273 79
19 317 17
19 322 29
19 384 87
19 394 70
19 421 17
19 424 6
19 450 21
19 455 67
19 496 36
19 500 25
19 513 55
19 519 57
19 570 32
19 673 46
19 699 53
19 715 69
19 719 34
19 813 67
19 869 35
19 881 12
19 883 4
19 916 14
19 933 96
19 1028 41
19 1038 61
19 1094 92
19 1097 59
19 1100 80
19 1139 27
19 1143 52
19 1144 32
19 1300 92
19 1334 67
19 1381 23
19 1431 95
19 1443 85
19 1474 28
19 1621 66
19 1657 51
19 1665 25
19 1671 41
19 1684 41
19 1742 51
19 1756 13
19 1792 98
19 1793 79
19 1858 20
19 1912 29
19 1984 53
19 1998 46
20 29 93
20 33 10
20 65 35
20 81 69
20 247 37
20 355 40
20 413 72
20 549 60
20 582 66
20 633 18
20 690 55
20 693 44
20 745 11
20 795 16
20 827 90
20 974 77
20 1077 59
20 1164 12
20 1242 19
20 1323 56
20 1341 65
20 1421 78
20 1446 2
20 1474 20
20 1497 57
20 1535 59
20 1900 86
20 1962 13
21 50 29
21 96 60
21 112 64
21 113 85
21 121 16
21 226 6
21 320 85
21 336 72
21 347 54
21 381 7
21 562 26
21 634 12
21 637 33
21 748 92
21 805 56
21 982 12
21 1026 67
21 1118 52
21 1222 11
21 1226 54
21 1264 78
21 1354 57
21 1369 9
21 1543 72
21 1573 24
21 1585 90
21 1668 13
21 1701 17
22 34 4
22 283 82
22 436 80
22 622 87
22 890 37
22 971 90
22 980 51
22 1042 29
22 1065 40
22 1677 96
22 1839 38
23 36 80
23 50 4
23 77 7
23 100 56
23 168 36
23 196 60
23 247 2
23 271 90
23 286 42
23 333 38
23 367 65
23 389 6
23 403 1
23 414 15
23 479 20
23 485 18
23 505 11
23 527 51
23 560 9
23 701 30
23 729 100
23 734 34
23 792 28
23 817 83
23 856 42
23 887 61
23 965 75
23 1026 23
23 1083 49
23 1138 58
23 1182 50
23 1238 26
23 1345 44
23 1390 14
23 1422 76
23 1477 36
23 1512 85
23 1607 49
23 1698 81
23 1791 11
23 1852 54
23 1933 81
24 25 6
24 56 96
24 74 52
24 82 63
24 83 5
24 117 33
24 124 71
24 129 81
24 139 35
24 143 44
24 156 41
24 178 34
24 190 88
24 231 77
24 241 18
24 242 14
24 314 89
24 323 3
24 364 83
24 389 79
24 394 8
24 403 26
24 425 63
24 433 17
24 446 98
24 447 58
24 471 2
24 499 14
24 508 59
24 526 74
24 528 30
24 547 47
24 551 39
24 587 65
24 591 12
24 595 2
24 788 35
24 806 3
24 874 80
24 912 22
24 960 50
24 1003 74
24 1047 53
24 1076 83
24 1116 43
24 1136 51
24 1145 98
24 1191 2
24 1217 70
24 1239 23
24 1291 69
24 1330 7
24 1366 2
24 1392 41
24 1395 83
24 1412 90
24 1631 83
24 1645 8
24 1755 35
24 1760 24
24 1863 70
24 1908 73
24 1917 53
25 85 4
25 142 83
25 151 49
25 180 15
25 256 62
25 272 55
25 353 57
25 390 15
25 491 31
25 607 45
25 613 88
25 625 91
25 865 7
25 871 65
25 942 63
25 962 66
25 972 45
25 975 26
25 1508 14
25 1626 67
25 1689 93
25 1854 87
26 47 5
26 56 32
26 90 85
26 123 20
26 129 34
26 269 64
26 318 80
26 323 58
26 332 12
26 336 78
26 418 73
26 467 9
26 673 57
26 758 51
26 834 1
26 836 29
26 938 39
26 1302 48
26 1330 2
26 1505 9
26 1815 40
27 108 7
27 195 24
27 202 42
27 234 22
27 283 76
27 459 68
27 461 86
27 495 99
27 760 60
27 785 5
27 846 62
27 1095 89
27 1150 85
27 1225 98
27 1349 25
27 1452 63
27 1518 21
27 1752 91
27 1868 81
28 35 91
28 45 1
28 48 90
28 55 24
28 96 67
28 102 1
28 145 67
28 159 56
28 218 40
28 225 69
28 307 45
28 363 94
28 399 11
28 422 53
28 433 65
28 434 51
28 531 96
28 532 48
28 543 10
28 658 72
28 679 93
28 694 36
28 832 24
28 923 43
28 950 50
28 983 78
28 985 58
28 1173 99
28 1192 1
28 1299 22
28 1572 65
28 1636 97
28 1679 76
28 1845 83
28 1969 80
29 232 48
29 240 30
29 286 29
29 635 11
29 671 99
29 707 28
29 968 18
29 1282 91
29 1495 19
29 1615 18
29 1678 54
30 62 51
30 86 51
30 92 48
30 93 79
30 131 59
30 136 16
30 179 60
30 289 19
30 290 73
30 308 97
30 309 45
30 336 69
30 344 45
30 361 50
30 369 23
30 387 51
30 392 98
30 453 23
30 473 75
30 487 7
30 493 51
30 600 28
30 643 9
30 676 95
30 866 29
30 965 57
30 997 33
30 1007 53
30 1021 87
30 1034 80
30 1077 75
30 1173 22
30 1219 63
30 1234 66
30 1329 50
30 1348 42
30 1570 47
30 1619 24
30 1754 52
30 1758 44
30 1920 16
30 1984 5
31 40 69
31 143 24
31 178 44
31 207 89
31 317 58
31 393 14
31 457 39
31 548 4
31 554 2
31 774 31
31 796 34
31 804 64
31 822 1
31 936 3
31 967 56
31 987 58
31 1246 98
31 1534 37
31 1574 23
31 1621 56
31 1686 72
31 1850 21
31 1862 25
31 1882 23
32 71 99
32 88 63
32 196 46
32 199 94
32 219 99
32 276 69
32 307 59
32 479 17
32 1020 32
32 1203 30
32 1393 56
32 1564 90
32 1658 44
32 1661 66
32 1716 47
33 59 75
33 87 100
33 88 99
33 95 41
33 99 33
33 118 62
33 122 55
33 138 57
33 148 38
33 166 90
33 196 54
33 205 39
33 228 58
33 242 20
33 244 63
33 251 92
33 340 1
33 358 82
33 492 61
33 512 65
33 773 68
33 778 9
33 858 19
33 885 89
33 915 64
33 933 49
33 1232 16
33 1247 85
33 1305 39
33 1308 39
33 1359 98
33 1408 25
33 1436 75
33 1439 88
33 1473 7
33 1507 84
33 1509 87
33 1511 13
33 1529 100
33 1673 13
33 1774 33
33 1837 79
33 1855 25
34 42 7
34 57 38
34 58 42
34 66 83
34 76 8
34 86 38
34 164 53
34 188 48
34 189 87
34 221 77
34 233 28
34 278 92
34 315 46
34 341 89
34 432 89
34 466 31
34 478 48
34 491 41
34 519 97
34 594 30
34 596 35
34 597 90
34 598 93
34 644 59
34 681 5
34 695 70
34 700 61
34 778 71
34 1116 48
34 1142 69
34 1222 16
34 1268 75
34 1311 63
34 1676 16
34 1716 72
34 1906 7
34 1936 34
35 48 84
35 147 6
35 219 30
35 235 89
35 287 93
35 305 53
35 367 74
35 498 76
35 575 47
35 699 83
35 734 84
35 756 88
35 833 27
35 1152 32
35 1204 89
35 1567 93
35 1668 32
35 1670 41
35 1779 27
35 1811 32
36 69 1
36 116 5
36 145 98
36 207 28
36 321 99
36 344 8
36 425 16
36 456 65
36 752 28
36 920 47
36 932 93
36 977 47
36 1388 18
37 302 97
37 312 69
37 602 55
37 642 18
37 907 92
37 957 53
37 979 22
37 1003 43
37 1178 98
37 1690 17
38 51 66
38 68 95
38 105 79
38 136 37
38 271 46
38 275 100
38 319 21
38 343 33
38 513 42
38 670 75
38 733 30
38 796 81
38 823 8
38 954 79
38 1024 64
38 1041 91
38 1180 27
38 1393 77
38 1522 43
39 80 40
39 94 69
39 109 74
39 170 50
39 209 47
39 229 52
39 375 91
39 620 80
39 653 98
39 661 70
39 682 55
39 700 39
39 795 46
39 803 51
39 962 77
39 1045 15
39 1152 61
39 1219 42
39 1912 35
39 1986 23
40 44 20
40 72 40
40 85 48
40 204 15
40 368 12
40 578 91
40 826 11
40 848 59
40 924 37
40 1033 78
40 1357 77
40 1454 1
40 1749 16
40 1788 15
40 1893 41
41 58 8
41 66 55
41 186 37
41 249 23
41 258 59
41 281 81
41 288 63
41 301 68
41 342 3
41 366 43
41 402 37
41 481 17
41 647 21
41 655 34
41 710 22
41 722 89
41 785 68
41 799 93
41 973 94
41 1124 8
41 1220 23
41 1305 61
41 1333 94
41 1426 9
41 1551 27
41 1579 31
41 1581 98
41 1603 89
41 1649 30
41 1703 77
41 1715 59
41 1938 19
42 61 36
42 62 84
42 82 14
42 174 26
42 184 76
42 212 75
42 401 25
42 464 89
42 638 51
42 695 9
42 736 99
42 847 19
42 874 13
42 884 95
42 1055 22
42 1193 77
42 1575 2
42 1815 89
42 1987 77
43 127 63
43 407 42
43 612 97
43 614 53
43 842 85
43 847 30
43 936 87
43 1360 47
43 1548 2
43 1896 19
43 1898 69
43 1969 35
44 47 100
44 57 12
44 147 89
44 153 4
44 206 37
44 254 32
44 331 49
44 363 72
44 380 75
44 387 27
44 435 72
44 540 39
44 565 8
44 594 4
44 761 90
44 839 11
44 894 47
44 1111 88
44 1186 68
44 1200 59
44 1201 30
44 1371 35
44 1457 61
44 1487 60
44 1518 41
44 1627 52
44 1649 83
44 1658 62
44 1803 79
44 1913 96
44 1929 3
44 1980 86
45 67 16
45 78 47
45 91 53
45 94 75
45 125 38
45 257 32
45 310 76
45 370 23
45 391 78
45 407 46
45 420 25
45 762 67
45 986 11
45 1073 3
45 1092 65
45 1119 60
45 1482 51
45 1797 18
46 64 68
46 158 59
46 287 55
46 452 51
46 681 86
46 1000 20
46 1387 98
46 1765 61
46 1796 5
47 52 15
47 62 29
47 72 9
47 84 21
47 87 5
47 90 39
47 109 6
47 110 17
47 111 85
47 129 91
47 162 42
47 329 16
47 333 59
47 345 18
47 347 11
47 564 38
47 608 52
47 704 11
47 760 34
47 801 3
47 916 98
47 997 54
47 1194 19
47 1392 55
47 1520 81
47 1528 52
47 1939 18
47 1965 77
48 59 2
48 67 40
48 161 49
48 179 88
48 183 23
48 223 39
48 321 20
48 628 35
48 636 81
48 690 86
48 831 13
48 1457 17
48 1541 84
48 1592 67
48 1785 81
49 64 33
49 69 11
49 93 83
49 106 49
49 458 38
49 629 31
50 95 39
50 305 84
50 567 21
50 744 35
50 1030 14
50 1312 58
51 146 21
51 520 10
51 663 58
51 710 35
51 789 81
51 974 65
51 1093 65
51 1460 94
51 1589 62
51 1988 79
52 71 52
52 93 20
52 169 33
52 204 55
52 206 92
52 295 55
52 311 33
52 345 12
52 351 17
52 398 38
52 402 6
52 427 17
52 585 84
52 652 4
52 657 57
52 812 70
52 1026 99
52 1034 91
52 1137 45
52 1139 98
52 1203 51
52 1220 67
52 1368 24
52 1411 23
52 1506 65
52 1511 40
52 1554 51
52 1602 71
52 1670 20
52 1694 88
52 1745 71
52 1751 2
53 116 34
53 509 9
53 844 56
53 1059 25
53 1991 66
54 78 62
54 82 81
54 157 34
54 181 97
54 200 11
54 224 6
54 313 91
54 441 55
54 499 29
54 888 17
54 961 49
54 979 98
54 983 29
54 1193 98
54 1259 86
54 1351 18
54 1363 27
54 1818 72
54 1826 25
54 1860 79
55 89 49
55 192 90
55 430 34
55 587 47
55 717 85
55 1204 44
55 1366 31
55 1387 35
55 1606 93
55 1831 88
56 67 37
56 115 82
56 117 35
56 141 15
56 146 70
56 182 54
56 215 78
56 489 3
56 775 70
56 870 43
56 905 42
56 1102 74
56 1109 85
56 1115 14
56 1197 56
56 1216 39
56 1236 25
56 1486 76
56 1525 19
56 1802 74
56 1872 46
56 1929 90
56 1974 79
57 1059 26
57 1429 17
57 1845 76
58 106 84
58 137 54
58 172 67
58 192 54
58 343 54
58 663 10
58 828 9
58 994 3
58 1045 40
58 1337 95
58 1436 75
58 1982 65
59 104 77
59 381 51
59 539 11
59 935 21
59 1040 21
59 1159 68
59 1331 37
59 1402 66
59 1577 37
59 1813 68
59 1994 88
60 114 60
60 123 90
60 127 79
60 148 84
60 209 10
60 217 97
60 324 43
60 339 96
60 356 31
60 483 47
60 497 5
60 529 83
60 541 43
60 641 37
60 716 75
60 897 15
60 1186 64
60 1313 25
60 1353 21
60 1382 51
60 1433 75
60 1805 100
60 1892 31
60 1900 30
60 1935 88
60 1942 24
61 113 26
61 146 35
61 208 44
61 501 89
61 622 71
61 1218 41
61 1263 26
61 1595 10
61 1957 70
61 1990 3
62 76 23
62 83 58
62 97 31
62 98 96
62 267 51
62 344 63
62 375 61
62 535 60
62 616 91
62 1340 56
62 1489 15
62 1493 91
62 1841 31
62 1875 55
63 123 5
63 174 67
63 187 75
63 250 32
63 262 17
63 293 30
63 312 46
63 351 29
63 359 6
63 416 36
63 512 49
63 581 48
63 735 54
63 979 14
63 992 20
63 1096 78
63 1408 38
63 1660 33
63 1686 6
63 1822 82
64 92 66
64 228 93
64 246 45
64 293 67
64 348 23
64 377 18
64 462 10
64 504 55
64 578 62
64 614 36
64 760 77
64 927 50
64 963 37
64 985 19
64 1017 66
64 1022 52
64 1080 47
64 1192 88
64 1265 89
64 1268 45
64 1347 57
64 1449 30
64 1479 15
64 1561 38
64 1816 81
64 1841 50
64 1958 77
65 101 64
65 105 49
65 227 11
65 313 83
65 345 33
65 529 40
65 551 23
65 612 10
65 822 9
65 835 94
65 894 53
65 998 79
65 1078 46
65 1319 2
65 1395 14
65 1591 10
65 1622 24
65 1970 53
66 70 63
66 98 22
66 558 36
66 574 46
66 1793 54
66 1930 22
67 592 47
67 759 55
67 1022 44
67 1809 9
68 368 5
68 630 89
68 731 2
68 1364 3
68 1406 50
68 1850 61
69 134 91
69 147 79
69 207 88
69 280 94
69 296 14
69 305 31
69 337 17
69 516 21
69 729 72
69 832 3
69 834 30
69 880 28
69 1113 47
69 1279 37
69 1622 8
69 1748 5
69 1861 3
70 153 63
70 158 91
70 165 84
70 180 26
70 468 32
70 514 81
70 689 64
70 762 28
70 898 11
70 922 8
70 1005 55
70 1361 59
70 1462 87
70 1629 62
70 1704 51
70 1807 64
70 1839 19
71 152 86
71 155 51
71 211 23
71 232 99
71 270 5
71 378 75
71 406 26
71 446 100
71 512 29
71 531 41
71 560 43
71 696 72
71 701 81
71 714 32
71 744 14
71 827 53
71 837 42
71 862 25
71 926 55
71 1005 29
71 1019 96
71 1113 95
71 1141 21
71 1485 11
71 1498 81
71 1663 65
71 1848 66
71 1854 68
72 73 27
72 75 71
72 100 4
72 120 44
72 154 76
72 355 24
72 400 19
72 424 20
72 524 52
72 585 92
72 800 44
72 850 53
72 897 65
72 989 4
72 993 23
72 1059 77
72 1117 79
72 1260 60
72 1796 92
72 1828 64
72 1860 26
73 127 13
73 150 49
73 263 12
73 543 22
73 561 86
73 563 29
73 589 50
73 603 77
73 727 66
73 735 54
73 863 72
73 1032 64
73 1084 12
73 1376 62
73 1454 92
73 1675 78
73 1678 79
73 1752 67
73 1777 80
73 1789 42
73 1794 15
73 1900 35
73 1932 6
74 171 46
74 187 1
74 475 94
74 1490 58
74 1626 33
74 1801 78
75 108 70
75 120 88
75 150 37
75 170 98
75 178 98
75 204 19
75 260 94
75 332 13
75 351 58
75 396 78
75 411 15
75 591 46
75 605 73
75 618 15
75 674 97
75 737 96
75 910 90
75 1018 31
75 1072 65
75 1151 11
75 1184 56
75 1274 91
75 1739 24
75 1873 20
75 1881 72
76 89 59
76 99 40
76 346 96
76 515 85
76 568 39
76 752 77
76 887 13
76 1170 20
76 1483 71
77 182 37
77 327 89
77 426 57
77 444 4
77 565 25
77 732 40
77 1002 70
77 1230 68
77 1706 74
77 1780 38
78 205 48
78 372 95
78 410 67
78 415 25
78 506 88
78 1147 83
78 1161 92
78 1584 9
78 1664 43
78 1758 74
78 1878 22
79 85 52
79 87 95
79 262 14
79 586 90
79 607 1
79 612 30
79 655 51
79 674 26
79 691 67
79 858 86
79 1092 17
79 1354 2
80 101 75
80 275 19
80 290 81
80 291 80
80 320 77
80 338 59
80 396 99
80 503 93
80 659 65
80 798 41
80 844 95
80 896 67
80 1048 30
80 1068 98
80 1140 27
80 1184 64
80 1264 13
80 1279 41
80 1289 41
80 1481 1
80 1759 44
80 1819 77
80 1902 52
81 107 67
81 438 56
81 491 7
81 521 97
81 893 77
82 176 84
82 314 56
82 397 81
82 589 71
82 731 45
82 803 26
82 1091 48
82 1423 12
82 1467 33
82 1542 64
82 1776 74
82 1945 12
82 1963 50
83 349 53
83 544 24
83 547 16
83 623 62
83 631 85
83 649 26
83 1227 31
84 92 85
84 121 25
84 230 1
84 240 97
84 265 11
84 372 72
84 405 57
84 573 62
84 1087 44
84 1116 91
84 1301 49
84 1403 39
84 1431 86
84 1467 56
84 1632 33
84 1730 29
85 91 67
85 137 44
85 291 70
85 488 89
85 682 70
86 108 81
86 115 43
86 209 53
86 222 55
86 321 17
86 413 89
86 453 38
86 577 3
86 783 41
86 905 36
86 1044 15
86 1155 78
86 1336 50
86 1449 11
86 1740 35
86 1821 8
86 1901 87
87 242 42
87 348 27
87 420 5
87 585 70
87 651 47
87 927 2
87 1365 14
87 1887 90
87 1985 68
88 218 43
88 642 69
88 757 11
88 947 11
88 1034 86
88 1177 88
88 1307 69
89 245 28
89 295 62
89 1576 82
90 325 34
90 742 68
90 976 37
90 1038 4
90 1273 46
91 730 18
91 767 16
92 484 22
92 936 11
92 1880 51
92 1941 47
93 969 80
93 1662 98
93 1762 14
94 103 73
94 121 41
94 173 67
94 223 81
94 227 100
94 274 63
94 287 97
94 395 82
94 429 97
94 451 68
94 738 10
94 792 90
94 964 84
94 1243 17
94 1537 13
94 1582 15
94 1731 33
94 1765 40
94 1903 56
95 107 23
95 134 73
95 197 11
95 200 33
95 208 33
95 225 92
95 575 90
95 952 92
95 1046 62
95 1207 76
95 1664 63
95 1681 81
95 1710 97
95 1739 34
95 1893 8
96 225 62
96 254 28
96 330 98
96 333 47
96 448 14
96 449 23
96 506 31
96 626 89
96 751 60
96 871 93
96 901 17
96 926 4
96 1035 21
96 1256 88
96 1273 91
96 1838 48
96 1849 3
96 1954 96
97 111 25
97 119 100
97 163 22
97 909 20
97 1953 20
98 156 93
98 201 55
98 247 23
98 791 99
98 882 3
98 940 100
98 1258 14
98 1397 57
98 1435 63
98 1549 86
98 1782 6
98 1792 17
98 1992 29
99 301 63
99 558 48
99 812 73
99 1653 34
99 1992 6
100 224 64
100 276 12
100 593 78
100 624 71
100 868 13
100 1160 97
100 1198 2
100 1298 20
100 1356 93
100 1771 23
101 194 99
101 261 91
101 1735 86
102 180 97
102 1005 17
102 1217 33
102 1334 65
102 1657 75
102 1852 36
102 1939 98
103 190 55
103 440 71
103 486 45
103 736 53
104 300 75
104 450 82
105 110 6
105 112 66
105 130 74
105 280 23
105 298 38
105 523 1
105 591 82
105 697 35
105 732 24
105 803 20
105 850 97
105 975 14
105 984 14
105 1202 59
105 1241 88
105 1287 29
105 1288 33
105 1428 58
105 1452 14
105 1537 62
106 167 81
106 202 10
106 241 80
106 495 12
106 723 32
106 807 7
106 825 94
106 837 69
106 909 84
106 988 81
106 1150 69
106 1361 75
106 1445 21
106 1951 69
106 1978 46
107 160 5
107 198 22
107 252 31
107 256 96
107 689 69
107 764 62
107 996 96
107 1013 36
107 1120 71
107 1438 98
107 1448 19
107 1472 29
107 1480 12
107 1748 16
108 122 18
108 126 68
108 469 35
108 535 27
108 706 53
108 771 48
108 978 24
108 1088 31
108 1201 91
108 1235 72
108 1268 90
108 1392 44
108 1451 50
108 1732 56
108 1865 57
108 1947 40
109 290 38
109 356 31
109 455 49
109 867 14
109 1314 74
109 1708 70
109 1734 56
109 1820 11
110 183 88
110 1144 68
110 1245 99
110 1586 83
110 1973 88
111 116 68
111 140 81
111 157 21
111 203 4
111 243 36
111 270 21
111 326 58
111 474 93
111 500 66
111 549 76
111 864 10
111 913 31
111 1001 61
111 1027 89
111 1321 34
111 1459 4
111 1774 12
112 130 67
112 474 51
112 559 41
112 823 19
112 984 63
112 1320 30
112 1670 30
112 1806 58
112 1921 23
113 188 93
113 376 21
113 600 43
113 881 99
113 893 25
113 1190 88
113 1205 32
113 1362 77
113 1514 51
113 1553 82
113 1624 100
113 1747 29
113 1952 96
114 139 71
114 164 86
114 171 9
114 188 71
114 233 16
114 279 77
114 402 21
114 484 52
114 555 57
114 781 43
114 818 82
114 878 16
114 978 24
114 1104 98
114 1195 48
114 1758 47
115 161 77
115 431 13
115 469 70
115 616 45
115 672 39
115 764 36
115 808 5
115 865 54
115 884 6
115 1032 82
115 1256 12
115 1830 9
115 1993 36
116 1058 79
116 1095 30
117 159 58
117 510 36
117 660 95
117 946 42
117 995 72
118 135 39
118 282 70
118 824 3
119 137 45
119 148 43
119 194 20
119 200 66
119 240 51
119 334 98
119 417 72
119 533 87
119 556 53
119 665 86
119 714 55
119 975 71
119 1007 47
119 1017 99
119 1147 87
119 1200 5
119 1349 23
119 1376 14
119 1478 40
119 1505 95
119 1613 17
119 1806 59
119 1931 55
120 173 42
120 221 88
120 546 68
120 597 26
120 1309 50
121 214 57
121 243 58
121 436 12
121 952 59
121 1607 89
121 1672 26
122 213 66
122 337 66
122 462 23
122 539 43
122 561 87
122 877 7
122 982 54
123 386 86
123 1718 72
123 1910 92
123 1996 61
124 211 69
125 300 2
125 320 13
125 1056 68
126 227 32
126 252 71
126 390 22
126 398 94
126 596 64
126 1628 48
126 1646 35
127 170 17
127 199 52
127 678 40
127 1166 64
127 1556 94
128 494 98
128 671 34
128 850 7
128 1047 45
129 334 90
129 435 71
129 480 70
129 720 61
129 909 19
129 1103 38
129 1301 22
129 1481 53
129 1513 32
129 1944 80
130 234 78
130 256 39
130 288 19
130 316 86
130 388 40
130 428 68
130 435 76
130 506 89
130 605 20
130 635 49
130 1017 29
130 1247 66
130 1280 7
130 1294 28
130 1951 71
131 135 85
131 220 20
131 646 37
131 807 25
131 1464 17
131 1692 45
132 181 68
132 238 12
132 253 55
132 303 72
132 308 49
132 352 51
132 363 80
132 408 22
132 417 38
132 429 63
132 569 22
132 686 63
132 724 100
132 904 42
132 949 75
132 966 44
132 1055 44
132 1260 73
132 1269 17
132 1321 69
132 1325 27
132 1510 31
132 1528 11
132 1614 28
132 1785 63
132 1871 62
132 1983 17
133 488 4
133 1734 40
134 205 13
134 316 72
134 423 59
134 567 30
134 747 80
134 781 55
134 812 85
134 867 45
134 893 17
134 901 65
134 943 31
134 1079 64
134 1243 8
134 1276 60
134 1515 88
134 1806 20
134 1876 21
135 143 21
135 144 14
135 160 92
135 183 61
135 197 24
135 203 37
135 259 14
135 277 57
135 362 3
135 562 10
135 573 98
135 634 52
135 638 22
135 662 6
135 663 35
135 820 15
135 843 69
135 902 62
135 951 95
135 964 100
135 1362 26
135 1487 72
135 1558 34
135 1596 86
135 1874 25
136 145 24
136 159 42
136 193 10
136 342 12
136 393 35
136 400 88
136 404 73
136 770 20
136 846 48
136 1288 45
136 1432 24
136 1785 25
136 1823 97
137 1194 33
138 485 15
138 486 94
138 552 27
138 797 65
138 872 86
138 983 49
138 992 67
138 1472 75
138 1594 50
138 1790 59
139 297 10
139 453 1
139 559 68
139 569 67
139 602 16
139 1149 62
139 1170 34
139 1257 56
139 1428 11
139 1880 96
139 1986 9
140 423 27
140 458 6
140 668 69
140 912 80
140 1811 3
142 222 38
142 440 78
142 745 32
142 754 46
142 761 1
142 1100 28
142 1389 88
142 1401 74
142 1546 29
142 1836 54
142 1864 65
142 1876 79
144 326 54
144 428 16
144 500 88
144 639 44
144 1063 12
144 1373 14
145 186 44
145 517 2
145 721 97
145 1182 20
145 1787 28
146 168 93
146 172 26
146 201 25
146 255 43
146 257 63
146 357 83
146 498 12
146 883 68
146 1145 96
146 1250 97
146 1596 8
146 1631 66
146 1644 16
146 1665 1
147 236 12
147 237 87
147 609 52
147 699 83
147 937 79
147 1318 3
147 1593 37
147 1636 45
147 1651 54
148 246 32
148 253 48
148 282 87
148 643 8
148 652 43
148 700 87
148 930 5
148 1804 17
149 304 14
149 360 24
149 469 76
149 726 5
149 1043 51
149 1739 65
151 324 29
151 1030 55
152 471 2
152 831 18
152 1016 91
153 236 77
153 530 99
153 665 41
153 674 24
153 1667 87
153 1812 81
154 184 49
154 412 93
154 414 25
154 555 13
154 914 6
154 997 85
154 1490 38
154 1818 8
155 163 55
155 165 16
155 211 85
155 212 7
155 323 54
155 381 47
155 447 86
155 682 10
155 692 22
155 882 17
155 1080 34
155 1117 58
155 1383 33
155 1419 83
155 1562 92
155 1904 65
156 283 12
156 725 77
156 1485 10
156 1923 49
157 366 41
157 818 17
157 1195 76
158 193 2
158 223 93
158 230 85
158 271 58
158 276 51
158 303 58
158 346 36
158 392 99
158 493 70
158 583 17
158 681 1
158 753 77
158 840 78
158 943 29
158 950 60
158 1346 71
158 1651 70
158 1764 85
158 1820 22
158 1881 31
159 197 68
159 1695 30
160 195 98
160 203 38
160 426 40
160 427 9
160 509 37
160 696 64
160 1028 2
161 664 53
161 923 28
161 1689 31
162 187 16
162 593 92
162 597 25
162 1121 87
162 1659 98
163 267 39
163 416 48
163 422 46
163 618 17
163 1130 36
163 1772 26
163 1828 88
164 352 3
164 442 66
164 724 13
164 1236 65
164 1808 97
165 466 90
165 650 79
165 854 65
165 945 81
165 1165 92
165 1557 98
165 1655 76
166 192 52
166 616 47
166 769 36
166 859 100
166 1183 99
166 1245 5
166 1300 80
166 1580 9
167 1033 78
167 1062 76
167 1249 52
167 1417 23
167 1736 12
167 1769 67
168 1315 14
168 1396 75
169 191 11
169 379 21
169 418 41
169 810 84
169 1285 98
169 1324 83
169 1341 89
169 1403 55
170 667 99
170 889 100
170 1018 86
170 1255 97
171 176 14
171 210 66
171 228 9
171 310 2
171 348 73
171 412 70
171 455 97
171 471 48
171 619 12
171 636 59
171 656 34
171 755 6
171 898 91
171 914 22
171 947 72
171 1302 98
171 1348 3
171 1410 91
171 1650 72
171 1724 23
171 1937 14
172 472 2
172 504 14
172 626 99
172 724 51
172 1025 26
172 1112 95
172 1588 13
172 1967 86
173 181 41
173 216 42
173 260 23
173 275 93
173 277 17
173 653 29
173 672 2
173 679 73
173 913 60
173 946 30
173 1075 72
173 1168 19
173 1319 42
173 1322 33
173 1788 23
173 1829 60
173 1838 79
174 184 97
174 195 52
174 252 59
174 324 61
174 382 86
174 395 33
174 434 58
174 497 35
174 504 6
174 648 63
174 742 48
174 873 9
174 902 7
174 953 87
174 999 5
174 1008 29
174 1167 75
174 1358 80
174 1519 22
174 1911 84
175 206 92
175 513 79
175 669 14
175 740 20
175 773 20
175 1942 87
176 306 3
176 450 100
176 1176 26
176 1876 44
177 621 94
177 709 45
177 952 58
177 1042 2
177 1497 37
177 1547 57
177 1828 19
177 1971 97
178 356 69
178 765 80
178 895 70
178 1165 28
178 1285 66
178 1488 13
178 1803 22
179 266 45
179 298 76
179 375 83
179 653 74
179 1542 85
179 1940 22
180 237 78
180 249 78
180 401 5
180 431 96
180 654 12
180 747 92
180 1079 25
180 1149 97
180 1258 36
180 1409 90
180 1614 50
180 1707 47
180 1895 82
181 299 67
181 814 96
182 279 26
182 496 44
182 561 19
182 572 69
182 687 82
182 790 7
182 1764 9
183 185 73
183 292 35
183 467 61
183 687 96
183 1069 91
183 1255 3
183 1365 40
183 1555 28
183 1775 66
184 189 99
184 664 79
184 1642 48
184 1914 54
185 382 23
185 530 50
185 719 10
185 771 53
185 1025 90
185 1336 28
186 249 77
186 332 79
186 460 32
186 541 9
186 547 58
186 750 31
186 813 31
186 829 74
186 841 44
186 946 32
186 960 75
186 1031 78
186 1078 71
186 1085 83
186 1092 11
186 1151 19
186 1385 84
186 1517 43
186 1524 19
186 1595 33
186 1605 35
186 1618 94
186 1875 93
186 1949 34
186 1977 66
187 325 1
187 577 90
187 1229 71
187 1649 68
187 1792 66
188 304 24
188 842 20
189 747 84
189 829 82
190 915 93
190 1030 95
190 1272 83
190 1299 57
190 1720 31
190 1922 51
191 502 88
191 1633 90
191 1805 13
191 1926 92
192 238 14
192 431 33
192 437 98
192 476 7
192 763 50
192 860 93
192 1278 89
192 1435 24
192 1459 51
192 1622 92
192 1679 68
192 1795 58
194 1388 89
195 341 7
195 371 81
195 409 4
195 415 78
195 1185 78
195 1786 11
195 1813 98
195 1928 73
196 258 28
196 311 88
196 386 22
196 593 23
196 705 73
196 802 13
196 918 55
196 1036 72
196 1060 96
196 1105 55
196 1316 91
196 1429 4
196 1637 6
196 1851 85
197 459 62
197 661 19
197 705 26
197 868 76
197 1262 74
197 1322 2
197 1412 41
198 219 94
198 280 71
198 439 70
198 480 17
198 595 77
198 838 3
198 841 24
198 861 97
198 1475 43
198 1584 25
198 1770 65
198 1884 71
199 226 88
199 327 39
199 371 17
199 662 43
199 691 41
199 1135 43
200 378 79
200 393 37
200 1304 95
201 238 9
201 299 48
201 328 54
201 338 66
201 388 87
201 553 98
201 576 98
201 665 60
201 954 15
201 1382 93
201 1509 66
201 1830 2
201 1955 37
202 259 28
202 487 46
202 1051 87
202 1333 55
203 284 2
203 291 58
203 309 4
203 322 11
203 384 62
203 590 51
203 610 15
203 662 57
203 744 35
203 756 95
203 793 86
203 813 59
203 939 5
203 1384 27
203 1399 60
203 1521 81
203 1630 5
203 1652 90
203 1660 8
203 1663 58
203 1680 27
203 1687 92
203 1941 93
203 1999 72
204 391 16
204 545 53
204 588 4
204 706 59
204 712 65
204 750 90
204 851 85
204 1367 76
205 721 68
205 863 38
205 1784 30
206 259 14
206 421 78
206 625 98
206 780 8
206 1544 81
207 232 31
207 284 40
207 313 99
207 331 85
207 419 19
207 687 51
207 769 53
207 1303 63
207 1335 3
208 217 78
208 222 50
208 279 39
208 297 100
208 302 68
208 382 51
208 536 4
208 537 21
208 548 84
208 571 69
208 683 28
208 1046 50
208 1475 18
208 1607 9
208 1699 11
209 442 16
209 1180 45
210 294 10
210 358 20
210 464 15
210 730 50
210 1414 37
210 1955 12
211 306 1
211 862 76
211 882 48
211 886 48
211 1093 18
211 1155 96
211 1558 92
211 1838 100
212 326 1
212 369 15
212 572 64
212 787 69
212 852 95
212 941 82
212 1379 60
212 1580 18
212 1668 59
212 1972 46
213 452 28
213 566 98
213 739 47
213 886 51
213 1197 10
213 1506 39
213 1531 34
213 1844 44
214 757 43
214 1919 32
215 292 16
216 477 55
216 783 71
216 1162 36
216 1239 93
217 383 63
217 799 76
217 1367 57
217 1774 21
217 1842 1
218 245 2
218 277 15
218 354 85
218 368 84
218 627 67
218 871 26
218 1103 5
218 1210 72
218 1600 95
218 1804 70
219 264 57
219 346 21
219 349 80
219 361 68
219 371 16
219 380 33
219 617 46
219 717 72
219 780 91
219 874 31
219 1246 36
219 1643 9
219 1713 40
219 1976 18
220 357 24
220 1462 30
220 1574 36
221 728 22
221 1081 77
221 1234 49
221 1244 64
221 1585 7
222 449 52
222 511 28
222 667 5
222 955 90
222 1281 24
222 1841 25
223 507 66
223 686 33
223 1163 13
224 528 73
224 1469 66
224 1735 89
225 409 79
225 557 84
225 826 33
225 1277 98
225 1586 68
226 273 57
226 274 46
226 284 93
226 298 21
226 338 73
226 350 63
226 373 13
226 398 15
226 454 61
226 479 40
226 532 15
226 584 97
226 598 91
226 601 71
226 604 92
226 614 36
226 774 71
226 791 43
226 837 70
226 896 59
226 1075 47
226 1096 87
226 1114 89
226 1128 22
226 1211 71
226 1219 41
226 1303 3
226 1311 27
226 1331 8
226 1489 81
226 1504 75
226 1531 90
226 1579 51
226 1591 66
226 1853 35
226 1862 42
226 1983 68
227 353 22
227 384 49
227 457 82
227 525 59
227 673 23
227 938 87
228 357 63
228 692 21
228 1114 34
229 239 6
229 253 27
229 349 71
229 355 55
229 374 3
229 546 52
229 566 10
229 571 72
229 725 97
229 793 6
229 876 25
229 929 64
229 1035 20
229 1070 75
229 1209 86
229 1434 67
229 1505 43
229 1742 34
229 1773 22
229 1952 47
230 606 31
230 1482 81
231 239 12
231 587 85
231 638 40
231 783 13
231 859 39
231 942 10
231 1539 74
232 490 3
232 1659 52
232 1945 44
233 437 49
233 944 87
233 1093 75
234 385 47
234 688 26
235 461 42
235 1338 14
235 1451 16
235 1475 78
235 1699 76
235 1963 76
236 1050 73
236 1081 45
236 1253 90
237 418 40
237 669 37
237 825 12
237 887 51
237 1140 73
237 1209 46
237 1355 37
237 1701 12
237 1947 18
238 470 47
238 503 64
238 604 9
238 1080 77
238 1566 34
239 660 5
239 1363 7
239 1507 88
240 1042 94
240 1503 36
240 1587 5
241 1253 62
241 1425 82
242 361 42
242 520 77
242 570 11
242 576 37
242 732 98
242 796 59
242 845 31
242 857 3
242 1215 64
242 1463 92
242 1471 24
242 1682 87
242 1773 22
242 1846 5
243 314 47
243 410 11
243 628 3
243 917 33
243 947 53
243 963 76
243 1214 59
243 1221 96
243 1451 12
243 1808 39
244 296 92
244 372 19
245 329 22
245 508 74
245 550 75
245 1039 87
245 1397 97
246 1474 13
248 288 33
248 302 42
248 470 11
248 526 85
248 748 57
248 1572 8
248 1735 75
248 1891 19
248 1960 77
250 255 98
250 360 80
250 676 9
250 772 100
250 1083 30
252 407 48
252 904 47
252 1118 68
252 1287 86
252 1493 74
253 254 88
253 1036 8
253 1255 46
253 1290 70
255 956 99
255 1425 10
255 1628 20
255 1972 53
256 268 2
256 1863 16
257 337 41
258 854 25
258 1041 38
259 628 54
259 1012 10
259 1121 19
259 1455 42
260 352 38
260 639 15
260 693 53
260 1015 94
260 1313 100
260 1335 54
260 1484 31
260 1564 70
260 1745 3
260 1953 61
261 557 76
262 269 8
262 307 63
262 329 42
262 445 8
262 749 61
262 1074 39
262 1798 7
262 1885 31
263 264 68
263 870 14
263 907 83
263 984 50
263 1154 36
263 1230 59
263 1267 67
263 1453 71
264 281 69
264 505 47
264 704 18
264 1689 44
265 296 77
265 908 32
265 1023 78
265 1456 37
265 1976 13
266 274 71
266 311 7
266 330 5
266 397 63
266 415 94
266 422 25
266 726 21
266 797 19
266 857 8
266 894 40
266 895 84
266 932 12
266 994 16
266 1023 67
266 1101 40
266 1603 28
266 1666 7
266 1753 78
266 1924 25
266 1990 39
267 427 92
267 615 10
267 633 73
267 1049 71
267 1547 50
267 1856 34
268 426 80
268 815 76
269 634 87
269 643 96
269 1546 45
270 289 17
270 457 4
270 541 44
270 671 28
270 941 100
270 1323 12
270 1635 88
270 1934 53
271 451 22
271 534 94
271 980 24
271 1355 57
272 536 96
272 562 25
272 626 10
272 1507 22
272 1551 44
272 1903 26
272 1918 18
273 1383 85
274 473 64
274 697 21
274 976 44
274 1297 8
274 1337 4
274 1442 69
274 1444 11
274 1703 77
275 319 50
275 581 81
276 316 99
276 1124 94
276 1619 96
276 1757 95
277 632 94
277 675 57
278 301 69
278 330 93
278 391 58
278 463 13
278 476 65
278 610 40
278 688 1
278 753 73
278 1015 49
278 1196 56
278 1227 53
278 1444 5
278 1614 68
278 1831 59
279 331 44
279 366 33
279 1076 66
279 1129 71
279 1343 17
279 1736 30
280 702 65
280 1538 12
280 1565 65
280 1715 3
281 875 100
281 881 45
281 1071 52
282 350 96
282 930 65
282 1060 12
282 1643 76
282 1684 36
283 481 71
283 648 2
283 689 11
283 1500 8
284 403 31
284 1370 45
284 1628 71
284 1702 31
285 412 92
285 552 13
285 579 20
285 590 79
285 606 85
285 1290 18
285 1939 78
286 452 51
286 816 96
286 959 89
286 1101 12
286 1252 88
286 1971 80
287 347 90
287 537 68
287 852 46
287 1253 27
287 1931 79
288 935 16
288 1472 42
289 315 75
289 385 42
289 430 65
289 522 78
289 568 24
289 574 75
289 712 100
289 715 9
289 869 76
289 992 80
289 1014 21
289 1067 29
289 1295 27
289 1587 59
289 1697 57
289 1833 68
290 575 68
290 589 81
290 610 44
290 1702 14
290 1925 91
291 340 85
291 359 100
291 501 5
291 713 98
291 867 21
291 937 55
291 956 63
291 1055 14
291 1060 91
291 1129 76
291 1560 69
291 1581 34
291 1719 94
292 511 47
292 640 2
292 895 85
292 1169 91
292 1365 2
292 1662 39
293 451 81
293 1345 83
293 1498 98
293 1648 72
293 1829 44
294 408 65
295 458 24
295 482 32
295 858 47
295 1525 67
296 766 28
296 970 23
296 1625 55
297 481 17
297 690 16
297 788 48
297 986 95
297 1245 44
297 1783 84
298 527 72
298 646 8
298 800 56
298 925 26
298 1646 61
299 380 42
299 620 55
299 666 34
299 715 14
299 919 6
300 1544 36
301 956 7
301 1878 8
302 815 3
302 1388 90
303 335 43
303 545 66
303 1590 2
304 1952 57
305 891 47
305 1610 23
306 308 87
306 379 25
306 444 90
306 524 33
306 821 93
306 1018 44
306 1058 6
306 1088 59
306 1318 27
306 1449 52
306 1595 86
307 668 28
307 810 90
307 1379 15
307 1601 52
308 318 99
308 1183 29
309 364 48
309 387 32
309 1251 38
309 1315 19
310 406 58
310 546 81
310 633 2
310 712 89
310 784 43
310 830 62
310 1109 77
311 328 69
311 358 52
311 863 37
311 911 28
311 1012 33
311 1327 20
311 1394 84
311 1396 84
311 1419 52
311 1524 1
312 967 40
312 1228 24
312 1420 43
312 1906 61
313 498 69
313 741 63
313 772 2
313 1344 73
313 1452 58
313 1551 86
313 1748 56
314 386 40
314 964 91
314 981 56
315 848 39
315 1570 29
315 1981 1
316 439 29
316 635 20
316 1008 90
316 1086 3
316 1558 66
317 560 57
317 595 71
317 1029 55
317 1933 41
318 377 50
318 603 5
318 1039 34
318 1131 24
318 1167 14
319 525 31
319 814 27
319 1747 18
321 759 2
321 1138 33
321 1533 88
323 772 2
323 1012 75
324 680 2
324 708 30
324 1424 93
325 364 89
326 1134 69
326 1836 64
326 1956 61
327 501 10
327 598 84
328 625 84
328 1205 13
328 1620 90
329 383 20
329 464 77
329 695 85
329 840 12
329 931 46
329 966 22
329 1020 41
329 1141 61
329 1188 38
329 1294 55
329 1442 5
329 1483 35
329 1799 11
329 1825 67
329 1871 68
329 1886 97
329 1904 41
329 1997 62
330 539 68
330 789 79
331 767 72
331 931 41
331 1025 52
331 1189 13
333 390 57
333 496 19
333 1767 30
334 1156 11
335 494 83
335 1179 90
335 1707 41
336 1090 63
336 1424 5
336 1778 65
337 1683 94
338 430 76
338 841 7
338 1196 81
338 1552 97
338 1980 11
339 773 78
339 794 9
339 1377 36
339 1611 63
340 800 56
340 880 37
340 1122 82
340 1130 21
340 1378 7
340 1404 10
340 1601 35
341 440 94
341 1008 81
341 1657 10
342 1375 93
343 741 38
343 903 42
343 976 71
343 1555 86
343 1929 28
344 482 97
344 636 66
344 1040 64
344 1277 30
344 1516 4
345 556 82
345 582 54
345 705 25
345 924 19
346 590 4
346 1338 64
346 1719 39
346 1759 57
347 383 96
347 410 36
347 502 97
347 549 90
347 630 87
347 672 23
347 708 27
347 713 65
347 1054 87
347 1073 35
347 1087 12
347 1160 89
347 1250 73
347 1440 71
347 1550 59
347 1726 93
347 1819 25
348 639 27
348 1321 59
348 1741 32
349 370 54
349 1264 20
349 1711 52
350 441 86
350 770 69
350 900 2
350 1310 28
350 1520 47
350 1666 79
350 1761 47
351 411 85
351 782 39
352 1368 88
352 1613 59
353 518 94
353 749 12
353 752 62
353 908 25
353 1016 46
353 1040 44
354 1320 10
354 1461 52
354 1479 50
355 683 90
355 949 25
355 1754 97
355 1810 77
357 362 2
357 1309 83
358 1137 50
358 1207 39
358 1254 77
359 441 64
359 544 54
359 606 75
359 943 72
359 958 44
359 1086 49
359 1112 25
359 1916 26
360 490 36
360 1286 42
360 1978 66
361 1171 7
361 1656 4
362 563 71
362 661 56
363 580 5
363 920 43
364 377 66
365 399 35
366 1241 40
367 1706 10
368 664 58
368 1158 12
368 1247 99
368 1554 1
368 1650 64
368 1801 97
369 1401 6
369 1497 18
369 1800 43
370 601 94
370 769 8
370 1317 24
370 1481 67
371 860 68
372 477 40
372 510 15
372 801 7
372 804 43
372 1446 49
372 1465 79
372 1860 53
373 465 95
373 487 52
373 554 34
373 580 28
373 650 97
373 1157 81
373 1332 72
373 1632 27
373 1837 3
373 1959 13
374 739 69
374 768 33
374 771 77
374 821 27
374 866 35
374 1103 63
374 1278 28
374 1733 84
375 556 71
375 1047 80
375 1328 38
375 1372 90
375 1702 8
375 1761 47
376 408 92
376 621 14
376 709 65
376 1206 77
376 1418 49
376 1843 83
376 1968 2
377 798 5
377 816 78
377 1902 92
378 474 22
378 631 64
378 1287 81
378 1427 58
378 1640 36
378 1851 44
378 1891 1
379 754 56
379 817 71
380 703 91
380 1010 99
380 1238 60
380 1361 3
381 1634 4
382 1064 75
383 489 41
384 417 34
384 492 14
384 693 93
384 765 22
384 872 98
384 1212 35
384 1635 14
384 1682 35
385 463 6
385 493 65
385 854 10
385 892 43
385 960 5
385 1604 67
386 445 97
386 1502 69
387 516 68
387 544 54
387 603 11
387 684 43
388 392 91
388 413 74
388 600 77
388 1006 35
388 1049 13
388 1555 65
388 1908 2
389 684 88
390 527 55
390 670 48
390 1128 68
390 1381 67
390 1523 28
391 542 5
391 703 82
391 1090 77
391 1097 17
391 1300 81
391 1589 14
391 1627 16
392 432 80
392 448 31
392 977 35
392 1001 25
392 1885 60
393 449 78
393 545 98
393 1002 50
393 1332 89
394 406 90
394 764 18
394 788 14
394 1227 88
394 1296 94
394 1352 89
394 1539 100
394 1678 63
395 485 55
395 580 97
395 751 57
395 1563 72
395 1879 34
396 404 21
396 454 59
396 466 7
396 641 12
396 737 27
396 825 88
396 1368 39
396 1466 12
397 609 86
398 414 98
398 767 82
398 1652 26
398 1789 29
398 1964 95
400 1147 38
400 1416 36
400 1515 56
400 1675 82
401 490 2
401 1275 33
401 1729 5
401 1829 84
402 833 2
402 1208 77
402 1753 91
403 1450 1
403 1623 42
403 1925 68
404 434 34
404 448 83
404 1212 27
404 1284 50
404 1466 46
405 594 81
405 644 83
405 790 67
405 1163 29
405 1393 88
406 787 61
407 623 69
407 1501 12
409 1163 45
409 1579 68
409 1870 8
410 1240 15
411 538 48
411 862 39
411 880 23
411 1089 75
411 1170 80
412 627 30
412 652 29
412 722 3
412 1058 100
412 1064 14
412 1749 46
413 470 86
413 630 14
413 632 38
413 860 35
413 896 66
413 1618 69
414 779 69
414 904 39
414 959 90
414 967 80
414 1019 75
414 1432 82
414 1458 6
414 1527 24
414 1592 17
415 420 86
415 763 31
415 1642 64
415 1996 90
416 428 64
416 472 96
416 1181 53
416 1358 6
416 1970 58
417 1202 93
417 1295 63
417 1508 67
418 586 64
418 1259 99
418 1494 66
418 1523 10
418 1727 30
418 1908 41
419 1196 69
421 776 91
422 522 40
422 533 1
422 738 49
422 745 21
422 746 10
422 978 3
422 1278 84
422 1325 67
422 1536 6
422 1937 90
423 768 8
424 461 2
424 540 18
424 592 20
424 1068 89
424 1232 78
424 1723 15
424 1745 44
425 1346 46
426 480 86
426 1067 97
426 1210 80
427 989 99
428 554 46
428 1052 93
428 1175 91
429 637 26
429 873 72
429 1109 41
429 1143 94
429 1215 78
429 1314 66
429 1728 71
429 1744 26
430 1307 61
430 1709 36
431 678 70
431 776 24
431 948 82
431 1106 83
431 1894 61
431 1935 75
432 442 78
432 711 15
432 849 9
433 468 71
433 602 48
433 660 80
433 718 45
433 786 87
435 538 30
435 608 75
435 1126 86
436 492 79
436 806 12
436 1050 2
436 1292 84
436 1376 15
436 1437 51
436 1692 10
436 1812 87
436 1862 88
436 1866 35
436 1946 60
436 1961 32
437 573 51
437 1257 61
437 1380 61
437 1541 44
438 514 42
438 1111 25
438 1709 15
438 1744 96
439 1350 58
440 476 18
440 529 46
440 564 22
440 853 96
440 899 23
440 1799 13
441 801 49
441 835 11
441 869 18
441 900 89
441 1191 73
441 1641 53
441 1674 73
442 1009 96
442 1249 20
442 1384 23
442 1582 53
442 1623 14
443 551 8
443 878 37
444 644 52
444 755 66
444 1576 86
445 654 42
445 1755 84
446 1188 61
447 647 56
447 1723 98
447 1756 40
447 1922 80
448 621 70
448 645 19
448 708 89
448 1892 4
449 1606 97
450 548 47
450 1156 73
450 1290 59
451 584 88
451 707 16
451 931 71
451 965 8
451 1271 42
451 1369 98
451 1523 5
451 1724 89
451 1833 54
453 1553 12
453 1769 100
454 758 67
454 766 1
454 1122 88
454 1434 56
454 1888 98
455 646 21
455 1139 29
455 1315 82
455 1347 3
455 1373 55
455 1653 24
456 726 32
456 807 91
457 509 47
457 523 68
457 605 70
457 613 25
457 642 86
457 872 24
457 990 26
457 1002 31
457 1772 73
458 568 15
458 728 47
459 488 67
459 1473 24
460 483 91
460 505 45
460 1400 99
460 1486 33
460 1981 30
461 1124 71
461 1284 11
461 1721 19
461 1907 29
462 1638 17
463 522 16
463 555 95
463 576 53
463 908 93
463 1943 79
464 596 27
464 884 94
464 958 35
464 1446 93
465 510 8
465 567 82
465 1240 43
466 666 62
466 928 34
466 1021 80
467 640 63
467 1316 47
468 791 87
468 1832 75
469 1357 72
470 1940 64
471 971 62
471 1271 99
471 1463 45
472 1286 63
472 1885 68
474 780 41
474 797 18
474 1222 70
474 1285 35
474 1540 62
475 1476 68
477 875 61
478 957 25
478 1187 98
478 1784 93
480 611 2
480 649 33
480 1041 80
480 1107 69
480 1127 72
480 1562 46
481 518 46
481 685 35
481 717 94
481 1358 41
481 1565 68
481 1768 76
482 637 55
482 1186 43
482 1454 23
483 1654 49
483 1802 29
483 1916 74
484 494 33
484 531 85
484 566 41
484 648 12
484 1100 3
484 1407 33
484 1847 38
484 1933 87
485 709 81
485 1037 50
485 1394 82
485 1617 10
486 969 60
486 1070 19
487 528 46
487 615 72
487 1251 32
488 1019 6
488 1319 42
488 1437 45
488 1488 77
488 1873 14
489 805 89
489 912 45
489 1061 66
489 1190 1
489 1575 43
490 1360 23
492 694 47
492 1133 40
492 1641 36
492 1981 77
493 517 72
493 1038 89
493 1066 86
493 1391 31
495 632 2
495 892 79
495 1224 30
495 1418 19
495 1786 32
496 503 55
496 515 100
496 973 68
496 1237 61
496 1665 10
496 1827 10
496 1975 4
497 746 29
498 1391 63
499 743 83
499 1138 89
499 1560 61
501 1266 27
501 1525 83
502 543 48
502 620 10
502 828 96
502 1692 83
503 1153 27
503 1239 58
503 1385 44
504 940 70
504 1476 59
505 734 78
506 574 79
506 849 47
506 1084 10
506 1932 61
507 676 6
507 1065 87
507 1276 6
507 1329 15
507 1750 80
507 1798 3
508 1571 13
509 1028 26
509 1960 92
510 922 49
511 540 70
511 1590 18
511 1918 88
511 1920 62
512 1081 8
512 1343 36
513 918 45
515 1455 91
515 1480 23
516 831 87
516 1134 78
516 1767 18
517 677 24
517 697 39
517 886 76
518 843 25
518 934 6
518 1399 40
518 1488 7
518 1627 65
521 657 68
521 879 19
521 1372 25
521 1576 53
522 599 3
522 685 27
522 842 88
522 1552 76
523 1714 37
524 533 93
524 542 50
524 629 42
524 707 56
524 1439 64
524 1959 12
525 684 85
525 782 9
525 1803 94
526 550 63
526 829 88
526 1083 75
526 1148 75
526 1226 28
526 1252 73
526 1447 65
526 1468 91
526 1703 89
526 1910 84
526 1923 20
526 1948 79
527 795 4
527 835 55
527 1602 1
528 1674 100
528 1814 37
528 1989 51
530 1013 99
530 1171 96
530 1722 26
531 1458 40
531 1588 25
532 903 7
532 1847 61
533 599 92
533 1160 50
533 1166 84
533 1362 83
534 720 31
534 861 91
534 864 52
534 1484 100
534 1685 48
535 1272 79
535 1548 94
536 1148 59
536 1484 53
536 1597 15
536 1998 21
538 1414 17
538 1817 60
539 647 93
539 1620 2
540 756 50
540 916 77
540 963 20
540 987 78
540 1263 79
540 1272 68
541 1492 15
541 1536 61
542 919 50
542 1899 43
543 559 93
544 794 57
544 864 65
544 1625 92
544 1926 93
545 1031 34
545 1637 59
545 1648 10
545 1751 58
546 565 87
546 578 73
546 1175 67
546 1888 68
547 586 11
547 677 61
547 815 62
547 826 68
547 1099 39
547 1110 95
547 1366 46
548 624 81
548 866 66
549 570 48
549 766 78
550 757 94
550 1450 58
551 656 69
551 743 11
553 617 100
553 714 17
553 1582 61
553 1697 80
554 704 80
554 727 46
554 819 99
554 1515 57
554 1618 13
554 1998 20
555 599 21
555 942 55
555 1718 90
556 683 56
557 1063 72
558 770 27
559 1088 33
559 1869 53
560 1374 50
561 778 71
561 1024 15
564 657 3
564 740 40
565 667 43
565 1104 69
565 1733 68
566 583 12
566 720 61
566 735 16
566 1009 32
566 1905 52
568 1857 33
569 1323 87
570 830 40
570 1168 36
570 1471 59
570 1610 40
570 1667 58
570 1927 83
571 1094 88
571 1206 89
574 845 17
574 924 84
574 1043 99
574 1172 30
574 1314 23
574 1726 67
577 1533 12
577 1955 67
578 659 85
578 730 22
578 816 53
578 1265 76
578 1873 94
578 1924 63
579 811 91
579 1259 79
579 1569 17
579 1714 51
580 911 4
580 1270 45
580 1645 1
581 1572 69
582 613 56
582 1598 69
582 1738 79
582 1783 3
582 1837 13
584 640 29
584 926 53
584 1066 46
584 1859 12
585 608 15
585 651 96
585 1578 59
586 891 39
587 885 1
587 1056 84
587 1763 84
589 651 79
589 970 22
589 1048 50
589 1442 5
590 1638 63
592 1411 84
592 1719 77
593 741 79
593 1414 88
593 1849 44
594 966 86
594 1416 42
594 1430 40
596 698 48
596 962 64
596 1360 68
596 1418 36
596 1519 52
596 1866 21
597 1020 38
598 821 28
598 1471 69
598 1549 90
599 1242 60
599 1978 48
600 982 53
601 806 28
601 1099 92
601 1118 87
601 1178 27
601 1181 52
601 1283 10
601 1344 4
601 1404 86
601 1458 89
601 1795 32
601 1979 56
603 629 47
604 763 35
605 1383 34
606 1052 9
606 1346 99
606 1534 76
607 1671 97
609 688 34
609 1407 17
610 1211 79
610 1465 59
611 1144 51
611 1223 20
613 1690 47
615 1681 87
615 1725 10
615 1791 33
616 750 33
616 1896 21
617 723 57
617 777 10
617 1015 41
617 1044 83
618 1404 100
620 666 54
620 1123 15
620 1713 83
620 1766 25
620 1967 3
621 1010 11
621 1356 52
621 1466 11
621 1889 52
622 950 8
622 1494 13
623 742 66
624 890 97
624 1710 66
626 921 69
626 1046 74
626 1642 28
627 721 17
627 1057 72
627 1062 99
627 1065 79
627 1085 49
627 1470 51
627 1912 47
628 919 65
628 1486 93
629 1776 82
630 716 35
630 722 65
631 1462 86
632 1184 27
633 857 77
633 873 94
633 1111 29
633 1490 99
633 1604 64
633 1949 51
635 649 72
635 1270 67
635 1894 66
636 751 26
636 775 37
636 945 87
637 1763 50
638 820 39
639 723 8
639 1162 75
639 1326 10
640 1119 89
640 1261 82
640 1327 43
643 691 4
645 955 28
645 1530 18
648 718 49
649 834 8
649 1011 35
649 1339 53
649 1951 5
649 1991 9
650 678 39
650 851 39
650 865 20
651 658 22
651 961 1
651 1037 28
651 1316 35
651 1498 96
652 839 23
653 802 69
653 855 16
653 925 67
653 1588 48
653 1660 83
653 1685 58
653 1732 59
653 1893 90
655 1115 26
655 1127 34
655 1307 83
655 1688 11
656 784 16
657 1201 65
658 1402 85
658 1478 24
658 1789 54
660 782 78
660 836 88
661 1169 45
661 1890 99
662 669 70
662 753 97
662 1248 32
662 1413 19
662 1791 63
662 1861 55
663 1234 41
663 1779 1
664 906 27
664 1340 10
665 840 76
665 1004 35
665 1567 100
666 832 29
666 981 67
666 1197 99
667 668 27
667 824 42
668 702 61
668 776 60
668 1156 17
668 1673 55
669 1676 70
670 929 32
670 1014 94
670 1400 81
670 1493 30
671 1063 52
671 1639 32
673 1790 11
674 701 38
674 897 78
674 1438 77
674 1457 53
676 906 73
676 1326 51
676 1696 51
677 777 60
677 1161 48
677 1517 76
677 1521 30
677 1714 58
678 811 74
678 851 43
679 711 93
679 762 7
679 828 40
679 1269 85
680 1011 23
680 1133 96
680 1149 10
680 1162 71
680 1274 5
680 1336 19
680 1405 38
680 1694 49
680 1928 15
681 970 49
681 1143 9
681 1728 92
681 1832 21
682 737 3
682 1027 79
682 1738 24
684 900 27
684 1045 60
684 1120 54
684 1296 57
684 1540 86
684 1987 62
685 1098 82
685 1132 65
685 1176 2
686 754 39
686 1098 72
686 1917 15
687 755 7
687 856 57
688 1696 4
689 1213 93
689 1968 94
690 768 78
690 1114 73
690 1123 91
690 1432 70
690 1961 81
692 1469 61
692 1843 60
693 765 50
693 1538 43
693 1753 16
693 1786 86
694 972 57
696 1851 42
697 1352 48
698 1921 18
700 746 83
701 1257 61
701 1402 55
703 1233 65
704 934 10
704 938 8
707 1559 78
708 876 25
708 1868 81
709 1965 24
710 1271 17
710 1598 58
710 1715 49
711 853 91
712 1250 13
713 830 29
713 1254 58
713 1283 21
713 1501 68
715 758 68
716 1412 1
716 1746 95
717 743 13
717 1407 39
718 868 12
719 824 78
719 1535 79
719 1740 6
720 777 31
720 779 7
721 1057 32
721 1087 23
721 1198 89
721 1223 41
721 1244 28
721 1544 61
722 940 41
722 941 52
722 1032 33
722 1510 55
723 1556 36
724 1387 26
724 1661 74
724 1879 88
725 968 31
725 1126 64
725 1993 50
726 775 31
727 805 86
727 1261 93
727 1430 33
728 1543 63
730 1295 23
730 1375 43
731 794 14
731 899 9
731 1072 100
732 1082 16
732 1263 79
732 1297 55
732 1306 50
732 1342 35
734 1411 80
735 934 45
735 1067 90
735 1621 74
735 1903 37
736 1033 2
736 1204 71
738 809 76
738 833 50
738 1752 27
739 1539 29
740 1105 79
740 1283 41
740 1480 30
741 819 52
741 1776 18
742 1140 40
743 786 24
743 808 11
743 1091 49
743 1431 73
743 1501 42
743 1746 53
745 1326 77
745 1426 74
745 1989 20
746 749 85
746 790 37
746 878 7
746 1869 20
748 1902 57
750 888 11
750 913 36
750 1712 25
751 885 86
751 959 60
752 993 27
752 1422 80
752 1889 98
753 1157 97
753 1306 45
754 1191 44
754 1310 77
754 1363 51
756 875 23
756 918 6
756 1371 7
756 1445 14
757 1206 89
757 1717 6
757 1937 78
758 1891 8
760 808 20
760 921 18
760 1506 62
760 1688 28
760 1761 33
760 1814 36
762 988 67
762 1867 12
763 1039 71
764 955 63
764 989 80
764 1054 52
764 1079 59
764 1269 21
764 1409 94
764 1568 19
764 1867 21
764 1886 56
765 1146 12
766 1275 1
767 1573 73
768 849 24
768 1781 55
769 817 77
769 889 50
769 954 79
769 1159 9
769 1422 27
769 1500 51
769 1589 56
769 1599 39
769 1915 65
770 999 9
770 1652 65
770 1883 38
771 1185 27
773 907 77
773 1288 47
773 1577 29
773 1769 73
773 1905 31
774 876 14
774 1444 18
775 1391 56
775 1624 83
778 838 99
778 910 34
778 1289 60
778 1800 81
779 855 63
779 1425 48
779 1634 27
779 1857 37
780 781 47
781 1126 11
781 1213 28
781 1870 49
781 1995 86
782 1672 49
783 1322 58
783 1448 91
783 1536 6
783 1957 99
784 1763 42
785 1967 29
787 1099 95
788 1125 5
788 1299 59
789 1231 96
789 1765 92
789 1883 56
790 1049 85
790 1647 65
791 990 1
791 1477 8
791 1687 13
793 1043 96
794 1580 65
795 1784 4
797 1819 38
798 845 39
798 1697 48
798 1858 1
799 920 26
799 1896 49
804 1335 74
804 1898 70
805 1098 37
807 1029 32
807 1441 4
807 1683 59
808 1597 43
809 1036 96
810 1736 15
810 1844 100
811 1681 7
812 1238 92
812 1415 35
813 1294 80
815 1398 49
816 951 42
816 1382 84
817 839 73
817 1351 11
819 1180 78
819 1708 88
819 1965 27
820 879 37
822 906 23
822 1671 58
822 1868 51
823 1280 13
824 1137 60
825 1567 3
825 1640 69
825 1848 63
825 1919 37
827 1177 66
827 1991 24
828 1011 26
828 1073 92
828 1128 29
828 1169 20
828 1823 48
830 1771 40
831 1106 75
833 1173 51
833 1265 54
833 1835 87
835 991 100
835 1009 81
836 1086 59
836 1091 81
836 1423 99
836 1438 60
836 1666 29
839 1052 57
839 1386 44
839 1492 24
843 852 15
843 1757 97
844 930 44
845 856 37
845 1310 2
847 1185 48
847 1560 58
850 1859 93
850 1923 33
851 1125 25
851 1453 25
851 1517 83
852 1210 26
852 1521 64
852 1733 43
853 1101 2
854 1424 59
856 1145 55
857 1342 100
859 969 71
860 1492 29
861 939 26
864 1559 37
864 1699 68
866 883 15
866 1179 91
867 1108 27
870 974 92
870 995 12
872 1013 1
872 1375 2
872 1420 93
872 1928 90
873 1721 34
873 1957 98
874 1508 37
874 1938 18
876 1135 5
876 1409 68
878 1944 46
879 1021 46
879 1190 66
880 944 66
880 1215 32
880 1441 27
882 1415 11
882 1669 26
882 1973 15
883 891 11
883 981 9
883 1141 84
883 1146 100
883 1629 25
883 1777 16
883 1930 34
884 1332 40
885 1276 46
885 1417 70
885 1603 46
885 1931 100
888 1133 43
889 1174 28
889 1695 55
890 1633 36
891 948 56
891 985 43
891 1711 36
892 1053 26
892 1095 68
893 1229 3
894 922 74
894 925 33
894 994 58
894 1233 35
894 1542 78
895 935 75
895 1129 96
895 1242 12
895 1386 86
895 1399 82
895 1916 32
899 998 82
900 1645 88
901 1594 44
902 1066 72
903 1097 53
904 1301 8
904 1554 58
905 1747 39
906 915 20
909 988 86
909 1228 38
909 1232 92
910 1632 71
915 1072 93
915 1550 88
915 1706 93
916 1000 51
917 1503 28
918 1707 61
919 1378 52
921 1151 39
921 1527 43
923 1142 90
924 1491 57
924 1969 73
926 993 41
926 1037 67
926 1262 20
926 1351 12
926 1427 36
926 1787 52
927 1217 94
928 1070 59
928 1293 55
928 1324 59
929 951 14
929 1470 5
930 1035 43
931 1110 12
931 1574 86
931 1682 52
932 998 96
932 1221 55
932 1569 7
932 1943 26
934 1359 93
934 1698 40
935 1732 68
937 1029 81
937 1158 54
938 991 87
939 1772 2
940 1188 42
943 1108 23
943 1208 50
943 1274 3
943 1318 16
943 1341 42
943 1529 97
943 1712 92
944 1007 11
944 1370 85
944 1371 48
948 1339 92
949 1280 19
950 1317 46
951 1120 54
951 1153 57
951 1248 52
951 1669 19
952 1024 3
952 1142 65
952 1172 62
952 1691 61
952 1865 47
953 1001 55
953 1921 47
954 1705 72
957 1537 60
957 1586 71
959 1479 14
960 1447 90
960 1518 79
965 1022 12
965 1031 93
965 1353 50
965 1740 5
965 1771 8
968 986 82
968 1071 76
968 1355 39
968 1683 80
969 1077 93
969 1608 90
971 1130 13
971 1357 19
971 1788 2
972 1148 1
972 1193 100
973 1136 96
973 1182 57
973 1514 47
974 1064 24
974 1512 37
974 1578 9
974 1644 76
975 1214 19
975 1711 91
975 1781 93
977 1372 53
977 1679 57
980 1782 46
981 1006 59
981 1108 93
981 1640 64
981 1852 44
982 1440 94
983 1122 25
983 1985 93
986 1192 38
986 1559 66
988 1207 64
988 1218 54
988 1284 88
991 1675 51
992 996 94
992 1104 30
992 1613 75
992 1864 61
993 1010 4
993 1131 78
993 1202 64
993 1535 73
993 1934 26
994 1161 22
994 1330 20
994 1377 74
994 1378 17
995 1808 13
996 1076 76
996 1094 58
996 1113 77
996 1602 54
997 1667 97
999 1583 66
999 1650 97
1000 1167 2
1001 1110 72
1001 1208 75
1001 1282 9
1002 1082 65
1002 1597 64
1003 1084 70
1004 1787 49
1004 1840 92
1004 1855 51
1007 1304 62
1008 1050 57
1009 1995 32
1014 1386 21
1014 1783 99
1016 1423 72
1016 1635 56
1016 1802 98
1017 1338 16
1017 1520 41
1017 1704 5
1019 1410 34
1020 1909 23
1021 1158 59
1021 1374 72
1021 1662 97
1021 1710 55
1021 1977 14
1027 1367 9
1027 1800 48
1028 1672 76
1029 1069 1
1029 1948 38
1032 1496 5
1033 1468 11
1035 1417 34
1035 1514 63
1037 1794 34
1038 1491 53
1040 1235 95
1040 1261 72
1040 1420 35
1040 1954 75
1041 1502 5
1048 1231 76
1048 1453 93
1050 1223 40
1052 1983 25
1054 1286 8
1055 1548 92
1055 1637 97
1056 1251 11
1056 1482 48
1056 1705 58
1059 1211 14
1060 1074 48
1060 1096 45
1060 1766 90
1063 1606 89
1065 1394 78
1066 1228 12
1069 1565 2
1069 1693 20
1070 1146 8
1070 1174 73
1071 1107 38
1071 1199 100
1071 1504 73
1072 1312 72
1075 1353 62
1075 1882 9
1075 1960 77
1077 1302 26
1077 1435 46
1077 1436 71
1078 1342 53
1078 1499 20
1078 1730 17
1079 1089 20
1079 1605 32
1079 1839 46
1081 1612 43
1081 1616 92
1082 1254 94
1083 1164 15
1083 1175 21
1083 1430 20
1083 1855 66
1085 1760 48
1085 1895 87
1087 1433 92
1088 1633 6
1090 1199 36
1090 1598 42
1095 1199 72
1098 1516 58
1099 1189 71
1101 1293 50
1102 1369 45
1102 1958 48
1103 1593 39
1104 1327 62
1104 1801 60
1105 1483 53
1107 1526 5
1109 1854 68
1111 1121 81
1111 1205 12
1113 1676 16
1113 1807 84
1117 1209 68
1120 1816 6
1122 1154 46
1125 1181 12
1128 1153 72
1128 1179 85
1128 1403 11
1128 1477 18
1128 1920 93
1129 1349 41
1129 1400 52
1130 1396 16
1132 1379 91
1134 1850 6
1135 1256 100
1135 1587 55
1135 1884 16
1136 1168 86
1136 1350 22
1136 1552 2
1136 1669 84
1138 1644 19
1138 1718 84
1138 1997 16
1140 1964 55
1141 1421 88
1141 1440 96
1143 1329 73
1143 1949 44
1144 1569 99
1145 1510 5
1146 1229 85
1148 1289 77
1152 1583 36
1152 1685 10
1156 1312 17
1157 1857 15
1158 1727 72
1158 1880 56
1159 1630 26
1160 1487 5
1161 1237 1
1161 1845 76
1165 1350 13
1166 1947 82
1167 1236 83
1167 1720 16
1170 1997 11
1171 1989 40
1173 1194 78
1173 1281 60
1173 1339 55
1173 1741 94
1175 1913 7
1177 1717 83
1179 1373 3
1180 1509 57
1180 1573 16
1183 1731 67
1184 1225 16
1185 1298 48
1186 1749 79
1187 1814 3
1188 1203 23
1190 1241 37
1190 1651 67
1191 1277 23
1191 1416 16
1192 1522 52
1192 1743 27
1192 1811 13
1193 1200 73
1193 1410 34
1193 1853 26
1195 1663 65
1195 1877 34
1199 1305 39
1199 1890 19
1200 1415 58
1200 1859 92
1200 1863 21
1203 1246 50
1203 1571 1
1205 1694 40
1206 1822 62
1207 1924 55
1208 1296 3
1208 1840 26
1209 1866 95
1210 1230 14
1211 1591 21
1212 1834 54
1213 1324 20
1214 1722 76
1214 1946 81
1216 1364 99
1216 1817 36
1216 1818 64
1219 1267 99
1219 1540 64
1219 1605 72
1220 1297 33
1221 1224 93
1221 1790 84
1222 1267 59
1222 1823 66
1223 1359 86
1226 1281 37
1226 1700 36
1227 1926 22
1228 1495 79
1230 1705 14
1233 1895 44
1235 1653 98
1236 1593 38
1238 1291 52
1240 1590 3
1241 1405 11
1241 1467 67
1241 1741 65
1243 1445 43
1243 1861 96
1244 1990 39
1245 1426 66
1245 1463 5
1245 1872 66
1246 1691 38
1248 1331 40
1251 1647 1
1257 1527 86
1258 1809 73
1259 1345 81
1260 1945 63
1261 1513 28
1261 1737 10
1266 1545 62
1267 1419 27
1270 1864 9
1271 1659 94
1271 1717 35
1273 1979 8
1275 1398 41
1277 1308 52
1279 1464 56
1279 1577 7
1283 1615 57
1285 1820 25
1286 1494 96
1288 1503 40
1288 1615 74
1289 1941 7
1291 1456 28
1292 1406 55
1293 1619 64
1294 1413 41
1294 1530 24
1294 1915 80
1296 1634 26
1299 1887 83
1301 1545 54
1304 1380 47
1304 1421 96
1305 1648 83
1310 1680 55
1310 1974 18
1312 1974 41
1315 1846 69
1318 1918 77
1320 1456 24
1320 1842 44
1322 1724 52
1326 1830 88
1328 1626 98
1328 1770 11
1328 1985 7
1331 1389 13
1331 1557 98
1332 1550 38
1332 1599 74
1334 1827 98
1336 1625 66
1336 1968 68
1339 1856 100
1343 1646 5
1346 1731 98
1347 1413 52
1347 1636 22
1348 1639 83
1349 1664 72
1349 1680 6
1349 1688 31
1350 1533 98
1351 1882 70
1353 1526 36
1354 1489 47
1357 1443 41
1357 1476 90
1365 1797 81
1366 1439 27
1366 1547 72
1366 1594 56
1366 1999 86
1369 1564 28
1372 1545 50
1372 1773 65
1375 1832 47
1377 1647 70
1382 1890 28
1384 1538 18
1385 1831 4
1385 1834 62
1387 1877 60
1394 1512 10
1394 1887 19
1395 1465 33
1397 1553 3
1397 1775 59
1397 1781 80
1398 1461 59
1398 1464 71
1398 1901 34
1399 1805 97
1400 1734 49
1405 1722 37
1408 1561 80
1412 1655 41
1413 1434 61
1419 1914 58
1420 1433 15
1420 1502 30
1420 1849 46
1430 1713 45
1430 1728 24
1431 1455 15
1432 1485 60
1432 1511 91
1433 1936 23
1434 1743 14
1434 1842 11
1435 1684 9
1437 1570 67
1437 1935 7
1438 1953 15
1440 1612 13
1442 1608 99
1443 1779 7
1443 1996 85
1450 1556 38
1450 1708 74
1452 1677 3
1454 1610 93
1456 1468 38
1457 1612 100
1458 1584 19
1470 1686 56
1471 1894 66
1473 1962 40
1475 1629 82
1475 1674 18
1476 1725 90
1481 1807 31
1485 1617 63
1487 1575 79
1488 1526 62
1489 1888 20
1490 1571 22
1496 1948 38
1497 1499 45
1497 1581 16
1498 1549 30
1499 1766 48
1500 1744 50
1501 1611 34
1502 1737 89
1505 1720 63
1505 1793 89
1506 1760 88
1506 1919 68
1508 1835 11
1510 1561 76
1512 1909 85
1513 1825 96
1513 1927 69
1514 1826 64
1516 1568 73
1517 1780 86
1519 1986 85
1529 1956 12
1530 1821 7
1530 1856 69
1532 1971 24
1533 1746 62
1533 1936 85
1534 1958 61
1540 1821 19
1542 1966 49
1544 1770 40
1545 1616 9
1547 1557 16
1549 1954 74
1551 1940 38
1552 1799 20
1552 1853 2
1555 1754 30
1566 1938 70
1571 1871 81
1572 1817 37
1575 1601 81
1576 1578 3
1578 1596 16
1582 1687 12
1589 1824 78
1590 1878 60
1591 1844 73
1593 1822 72
1594 1913 93
1595 1630 14
1599 1656 62
1605 1750 45
1605 1840 90
1607 1932 96
1618 1691 97
1620 1709 60
1620 1835 68
1621 1914 72
1624 1756 100
1626 1700 31
1626 1884 96
1635 1813 85
1637 1984 100
1640 1700 43
1641 1970 4
1642 1742 67
1647 1827 53
1652 1716 71
1652 1809 6
1653 1875 26
1654 1725 98
1657 1816 64
1661 1826 26
1661 1915 11
1664 1942 48
1668 1750 93
1677 1843 32
1678 1768 75
1683 1911 87
1704 1729 37
1723 1730 35
1723 1966 63
1724 1824 65
1724 1892 21
1728 1729 79
1730 1966 19
1732 1834 97
1732 1879 66
1740 1995 32
1755 1910 69
1766 1897 68
1769 1872 2
1770 1905 75
1786 1977 71
1787 1815 14
1789 1883 43
1804 1975 62
1811 1825 98
1827 1911 89
1833 1927 64
1843 1934 64
1850 1897 21
1853 1904 17
1890 1994 94
1934 1987 33
