1000 2991
0 1 86
0 2 7
0 3 11
0 4 39
0 6 68
0 7 44
0 8 62
0 9 100
0 18 82
0 20 66
0 24 39
0 25 11
0 32 56
0 34 28
0 42 30
0 51 68
0 54 33
0 69 90
0 74 26
0 84 16
0 87 50
0 95 34
0 98 31
0 101 57
0 116 25
0 123 70
0 126 7
0 127 36
0 131 59
0 137 64
0 168 79
0 171 8
0 186 68
0 226 55
0 228 87
0 235 83
0 242 78
0 243 36
0 258 61
0 285 4
0 303 30
0 305 43
0 312 55
0 328 34
0 333 92
0 350 20
0 365 80
0 385 73
0 393 52
0 404 29
0 433 55
0 435 77
0 438 79
0 446 84
0 498 35
0 555 61
0 557 63
0 568 67
0 571 34
0 611 64
0 620 38
0 632 71
0 670 48
0 733 91
0 752 39
0 758 35
0 800 24
0 843 67
0 893 15
0 902 18
0 906 83
0 950 29
0 981 77
0 999 30
1 4 26
1 5 96
1 12 31
1 20 84
1 28 18
1 36 31
1 38 61
1 39 57
1 47 22
1 61 100
1 62 79
1 77 95
1 83 50
1 101 63
1 124 15
1 128 78
1 158 24
1 166 51
1 180 62
1 190 25
1 229 93
1 247 43
1 291 85
1 318 95
1 390 33
1 417 75
1 450 97
1 551 82
1 623 29
1 626 45
1 651 92
1 658 60
1 669 3
1 680 91
1 700 20
1 718 45
1 724 29
1 771 12
1 784 13
1 937 4
1 989 81
3 4 49
3 5 79
3 6 26
3 7 50
3 8 67
3 10 4
3 11 49
3 13 36
3 14 71
3 15 56
3 17 29
3 18 30
3 21 81
3 26 62
3 27 92
3 33 85
3 40 77
3 41 40
3 51 89
3 52 6
3 56 93
3 92 33
3 102 24
3 107 84
3 108 59
3 115 100
3 125 24
3 129 52
3 130 38
3 141 81
3 147 87
3 154 13
3 161 20
3 175 57
3 184 51
3 207 95
3 208 65
3 218 23
3 223 5
3 242 97
3 245 30
3 255 100
3 258 46
3 275 21
3 282 64
3 307 51
3 311 30
3 321 1
3 324 42
3 330 48
3 334 93
3 335 90
3 340 19
3 360 87
3 363 77
3 366 68
3 369 22
3 370 6
3 377 49
3 408 92
3 419 19
3 424 37
3 431 84
3 437 51
3 503 5
3 504 42
3 513 57
3 517 76
3 522 70
3 592 52
3 600 77
3 622 7
3 639 61
3 642 70
3 655 17
3 668 70
3 681 69
3 694 7
3 695 52
3 697 28
3 699 94
3 704 62
3 710 94
3 722 95
3 735 53
3 738 17
3 747 14
3 781 93
3 782 79
3 793 77
3 818 6
3 838 28
3 846 72
3 869 34
3 884 74
3 890 42
3 919 78
3 935 85
3 937 76
3 947 83
3 948 55
3 951 27
3 959 26
4 5 88
4 7 36
4 8 67
4 13 12
4 21 86
4 22 17
4 39 22
4 55 5
4 60 35
4 76 94
4 106 10
4 118 97
4 120 50
4 159 40
4 168 4
4 181 43
4 191 5
4 217 22
4 239 48
4 260 82
4 269 60
4 274 82
4 277 41
4 311 91
4 317 33
4 358 77
4 420 80
4 491 36
4 626 33
4 649 89
4 662 60
4 680 93
4 687 56
4 721 52
4 883 54
4 895 88
4 949 29
4 962 77
4 967 13
5 6 62
5 9 66
5 10 30
5 11 73
5 12 54
5 15 88
5 19 13
5 22 41
5 23 63
5 25 9
5 26 66
5 37 40
5 38 30
5 44 89
5 49 86
5 53 79
5 57 30
5 58 59
5 61 77
5 63 18
5 65 58
5 67 9
5 68 67
5 70 100
5 71 53
5 91 52
5 93 22
5 107 25
5 112 63
5 116 5
5 117 38
5 122 66
5 123 22
5 134 43
5 138 91
5 141 31
5 142 49
5 149 20
5 150 63
5 162 79
5 185 56
5 188 13
5 212 25
5 224 84
5 226 88
5 236 95
5 237 90
5 245 60
5 248 35
5 265 20
5 270 67
5 271 3
5 288 20
5 292 96
5 304 99
5 306 88
5 311 35
5 323 72
5 334 48
5 338 58
5 356 28
5 366 25
5 386 18
5 393 61
5 403 91
5 416 71
5 429 9
5 430 53
5 447 54
5 449 61
5 451 39
5 461 72
5 475 80
5 485 1
5 497 37
5 513 59
5 530 32
5 534 10
5 558 2
5 584 55
5 618 99
5 628 73
5 629 26
5 661 41
5 666 30
5 685 19
5 692 3
5 704 43
5 708 58
5 726 44
5 731 36
5 748 97
5 763 88
5 785 95
5 811 89
5 819 18
5 826 85
5 830 97
5 835 94
5 841 14
5 866 73
5 869 3
5 876 62
5 887 36
5 900 98
5 960 24
5 966 63
5 981 52
5 986 88
6 11 80
6 14 9
6 29 12
6 30 72
6 41 17
6 48 63
6 53 58
6 67 14
6 72 17
6 75 32
6 85 44
6 96 98
6 102 82
6 113 87
6 117 83
6 155 5
6 161 85
6 162 63
6 308 47
6 310 20
6 332 70
6 416 41
6 485 91
6 507 47
6 520 69
6 677 82
6 683 72
6 761 2
6 845 54
6 846 69
6 853 18
6 859 68
6 866 57
6 917 55
6 978 4
7 9 91
7 14 33
7 16 97
7 22 25
7 33 51
7 48 64
7 50 52
7 56 30
7 69 90
7 73 24
7 75 19
7 79 43
7 80 99
7 81 8
7 83 28
7 112 86
7 122 3
7 131 91
7 146 42
7 147 8
7 175 32
7 183 84
7 189 52
7 193 37
7 221 10
7 248 6
7 267 15
7 301 28
7 362 31
7 365 58
7 370 78
7 382 68
7 392 13
7 403 94
7 428 85
7 456 67
7 510 100
7 519 76
7 551 58
7 572 58
7 720 32
7 787 30
7 811 91
7 841 16
7 907 50
7 908 66
7 922 99
7 963 25
8 15 25
8 17 62
8 28 60
8 43 42
8 53 30
8 55 4
8 58 28
8 74 73
8 78 85
8 101 24
8 103 33
8 106 48
8 111 95
8 115 94
8 140 11
8 146 77
8 149 70
8 157 53
8 190 75
8 254 88
8 262 43
8 263 48
8 273 17
8 329 96
8 347 22
8 385 45
8 475 87
8 518 56
8 560 71
8 619 49
8 631 53
8 658 67
8 665 60
8 688 40
8 818 60
8 848 78
8 911 85
8 920 19
8 970 53
8 978 13
8 995 97
9 10 31
9 16 58
9 19 43
9 20 4
9 24 68
9 36 84
9 88 82
9 114 3
9 120 36
9 142 78
9 143 95
9 154 95
9 164 46
9 167 64
9 180 77
9 196 81
9 237 52
9 356 9
9 387 50
9 389 29
9 407 49
9 432 13
9 439 54
9 457 52
9 487 51
9 505 81
9 523 21
9 605 22
9 690 46
9 730 72
9 774 69
9 777 7
9 832 25
9 839 18
9 897 55
9 902 5
9 942 40
10 13 2
10 18 13
10 26 76
10 60 74
10 61 4
10 62 81
10 64 98
10 93 79
10 120 83
10 131 62
10 133 49
10 136 81
10 157 56
10 160 47
10 183 92
10 196 39
10 197 28
10 206 5
10 230 74
10 236 10
10 240 77
10 264 92
10 281 99
10 286 36
10 347 88
10 373 93
10 397 38
10 402 48
10 418 67
10 421 7
10 434 63
10 436 19
10 448 100
10 533 18
10 541 72
10 636 29
10 663 38
10 664 86
10 696 43
10 712 19
10 755 36
10 758 84
10 852 66
10 896 93
10 913 32
10 926 27
10 956 48
10 984 97
11 12 27
11 35 12
11 48 22
11 103 92
11 143 47
11 169 25
11 177 16
11 201 20
11 204 53
11 251 66
11 313 32
11 369 68
11 385 38
11 387 4
11 433 62
11 439 49
11 523 56
11 525 84
11 541 92
11 581 85
11 583 88
11 624 12
11 743 87
11 895 57
11 981 59
12 16 46
12 28 81
12 34 81
12 35 45
12 36 91
12 41 93
12 45 53
12 51 92
12 57 16
12 59 93
12 62 34
12 85 12
12 89 30
12 99 95
12 104 21
12 122 27
12 134 99
12 135 47
12 198 92
12 231 7
12 244 83
12 299 35
12 319 54
12 330 50
12 342 96
12 346 10
12 348 86
12 354 90
12 391 33
12 406 32
12 465 41
12 511 39
12 556 17
12 612 90
12 613 100
12 635 51
12 639 33
12 682 20
12 699 93
12 706 7
12 718 30
12 732 6
12 772 42
12 855 86
12 884 4
12 886 77
12 888 99
12 948 32
12 980 84
12 985 78
13 19 83
13 31 61
13 32 50
13 38 35
13 42 20
13 82 57
13 84 36
13 85 44
13 98 52
13 135 74
13 136 92
13 156 5
13 164 28
13 184 61
13 202 49
13 210 23
13 245 52
13 252 42
13 254 50
13 279 68
13 293 81
13 323 86
13 345 95
13 372 31
13 393 1
13 409 80
13 443 68
13 498 52
13 537 53
13 567 4
13 590 72
13 595 74
13 606 58
13 629 45
13 666 46
13 705 6
13 797 53
13 813 57
13 880 63
13 932 47
13 943 65
14 17 86
14 23 76
14 81 98
14 164 11
14 234 87
14 255 3
14 325 12
14 334 58
14 375 21
14 593 81
14 722 17
14 768 89
14 796 37
15 23 16
15 32 71
15 34 47
15 43 33
15 46 38
15 50 55
15 78 87
15 100 25
15 110 72
15 113 83
15 135 6
15 138 35
15 166 95
15 183 96
15 199 99
15 201 66
15 205 38
15 213 5
15 232 53
15 242 24
15 244 21
15 256 57
15 268 77
15 269 59
15 350 84
15 367 74
15 368 3
15 380 21
15 405 53
15 413 9
15 422 53
15 444 14
15 458 43
15 467 11
15 497 76
15 530 69
15 543 28
15 549 78
15 561 36
15 714 66
15 718 14
15 821 86
15 867 65
15 886 86
15 899 33
15 959 58
15 979 78
16 21 87
16 29 74
16 31 24
16 65 93
16 66 12
16 68 35
16 81 88
16 115 48
16 124 10
16 159 80
16 169 56
16 224 31
16 229 21
16 233 12
16 246 9
16 270 94
16 281 83
16 352 63
16 364 3
16 426 82
16 449 32
16 450 91
16 455 71
16 477 99
16 480 70
16 596 64
16 630 19
16 707 33
16 744 32
16 751 27
16 800 82
16 811 72
16 875 50
16 942 89
16 997 13
17 29 58
17 30 17
17 47 11
17 49 36
17 52 7
17 63 25
17 86 69
17 96 66
17 141 29
17 142 12
17 188 24
17 316 37
17 320 73
17 352 5
17 397 90
17 459 96
17 483 87
17 605 88
17 606 19
17 612 8
17 705 44
17 716 39
17 732 52
17 775 47
17 860 95
17 953 55
17 993 13
18 27 64
18 52 75
18 111 72
18 169 49
18 196 87
18 224 91
18 263 38
18 300 74
18 431 74
18 908 23
19 187 10
19 682 49
19 771 50
20 33 64
20 40 46
20 87 60
20 121 86
20 158 26
20 167 54
20 173 24
20 178 68
20 292 90
20 409 43
20 784 85
20 836 15
20 871 52
21 76 51
21 92 95
21 200 9
21 298 6
21 369 36
21 384 87
21 441 50
21 481 53
21 490 93
21 729 19
21 939 94
22 24 2
22 27 14
22 39 60
22 45 83
22 60 15
22 70 47
22 71 41
22 86 50
22 198 83
22 216 56
22 252 37
22 494 58
22 756 51
22 808 32
22 891 77
22 905 41
22 939 77
22 956 66
22 972 39
23 37 41
23 119 38
23 306 44
23 353 4
23 736 42
23 830 55
24 25 28
24 30 52
24 37 12
24 47 95
24 59 60
24 64 22
24 67 51
24 70 80
24 99 91
24 108 98
24 127 22
24 156 26
24 275 36
24 289 88
24 337 31
24 410 73
24 461 54
24 500 55
24 518 9
24 519 84
24 525 41
24 529 51
24 542 8
24 546 80
24 548 73
24 569 21
24 585 82
24 702 63
24 874 58
24 910 10
24 918 44
24 921 2
24 963 56
25 234 35
25 388 15
25 710 11
25 837 16
26 31 81
26 42 50
26 77 55
26 137 85
26 139 28
26 189 3
26 222 3
26 248 75
26 743 62
26 764 28
26 865 22
26 936 39
26 980 78
27 40 64
27 98 84
27 179 56
27 217 62
27 271 14
27 373 20
27 396 62
27 446 43
27 481 2
27 719 94
27 762 79
27 859 55
27 880 19
27 941 98
28 50 5
28 128 32
28 139 84
28 264 100
28 328 32
28 421 49
28 423 4
28 483 30
28 507 45
28 722 80
28 795 99
28 851 59
28 862 89
29 59 96
29 88 94
29 148 4
29 174 55
29 199 15
29 233 49
29 303 55
29 474 26
29 607 7
29 626 46
29 725 20
30 63 10
30 173 79
30 347 40
30 480 49
30 540 81
30 934 20
31 43 25
31 54 48
31 90 59
31 117 5
31 136 59
31 223 65
31 403 40
31 558 33
31 619 46
31 630 53
31 656 65
31 659 43
31 703 97
31 733 8
31 878 51
31 893 26
31 923 5
32 105 7
32 119 46
32 157 8
32 178 67
32 179 64
32 371 4
32 572 30
32 683 95
32 913 58
32 952 55
32 982 17
33 44 35
33 64 84
33 84 40
33 90 98
33 94 69
33 125 54
33 138 69
33 209 37
33 288 70
33 336 56
33 422 69
33 495 77
33 585 41
33 644 66
33 673 26
33 715 60
33 805 95
33 831 48
33 996 33
34 35 53
34 45 82
34 46 2
34 55 61
34 74 5
34 99 100
34 132 72
34 144 58
34 170 49
34 202 85
34 214 2
34 239 37
34 373 59
34 377 29
34 459 26
34 476 43
34 484 28
34 646 32
34 654 20
34 819 43
34 983 68
35 97 97
35 187 38
35 207 59
35 423 14
35 440 81
35 825 3
35 841 18
35 863 59
36 66 23
36 89 85
36 140 20
36 218 47
36 524 71
36 728 11
36 909 4
37 206 85
37 580 13
38 65 70
38 148 2
38 192 56
38 270 89
38 341 69
38 389 72
38 512 31
38 615 21
38 617 14
38 674 70
38 747 78
39 77 84
39 97 53
39 754 70
39 812 80
39 823 69
40 58 77
40 91 71
40 143 52
40 165 37
40 194 67
40 199 36
40 257 41
40 265 42
40 671 65
40 879 64
41 44 30
41 49 96
41 57 92
41 103 52
41 105 63
41 151 50
41 163 36
41 176 7
41 214 89
41 300 9
41 474 21
41 491 10
41 644 27
41 822 67
41 890 38
41 939 52
42 46 33
42 54 24
42 66 23
42 83 98
42 90 76
42 340 29
42 500 37
42 507 3
42 554 17
42 633 96
42 760 29
42 843 96
42 999 92
43 72 62
43 145 45
43 151 2
43 182 17
43 227 61
43 378 86
43 500 84
43 608 17
43 667 90
43 904 3
44 79 41
44 108 81
44 114 24
44 251 24
44 259 9
44 280 41
44 322 66
44 399 3
44 563 55
44 593 12
44 715 33
44 814 81
44 912 71
45 139 27
45 145 44
45 147 44
45 257 25
45 533 96
45 547 22
45 591 50
45 676 10
45 690 28
45 749 14
45 828 96
45 882 9
45 958 57
45 990 76
46 121 23
46 250 89
46 279 17
46 297 86
46 326 93
46 502 13
46 638 14
46 904 29
46 918 75
46 935 76
46 972 8
47 203 77
47 339 57
47 506 34
47 562 18
47 594 62
47 691 22
47 805 11
47 912 44
47 923 1
48 328 30
49 91 29
49 132 40
49 306 53
49 414 89
50 202 80
50 266 21
50 298 78
50 400 88
50 505 36
50 641 7
50 723 14
50 759 23
50 780 30
50 790 60
50 815 48
51 73 23
51 76 54
51 86 29
51 201 74
51 322 38
51 564 96
51 566 39
51 777 42
51 824 69
51 969 80
52 92 38
52 178 5
52 295 66
52 315 64
52 411 81
52 595 10
53 97 53
53 170 63
53 323 32
53 410 52
53 508 30
53 672 51
53 875 45
53 932 69
53 987 34
54 129 9
54 130 97
54 194 80
54 410 86
54 538 54
55 56 75
55 94 74
55 251 39
55 273 67
55 294 58
55 340 6
55 374 77
55 464 33
55 489 46
55 534 48
55 596 69
55 637 100
55 701 34
55 778 25
55 792 34
55 808 37
56 72 98
56 79 15
56 87 43
56 110 36
56 156 50
56 162 71
56 278 5
56 303 71
56 307 60
56 327 41
56 337 38
56 362 80
56 407 31
56 420 5
56 691 50
56 739 50
56 921 76
56 936 4
57 109 5
57 210 75
57 405 25
57 409 94
57 616 70
58 113 15
58 211 50
58 213 38
58 227 83
58 241 32
58 280 75
58 291 32
58 641 16
58 832 80
59 71 78
59 107 72
59 126 87
59 149 80
59 220 66
59 413 32
59 425 44
59 433 54
59 885 63
59 964 40
60 104 21
60 133 54
60 348 13
60 600 79
60 671 67
61 68 70
61 104 26
61 181 2
61 272 46
61 371 70
61 511 36
61 693 36
61 979 46
62 82 83
62 137 8
62 165 46
62 172 94
62 423 77
62 445 59
62 466 97
62 468 40
62 582 88
62 761 13
62 777 97
62 792 46
62 816 72
62 852 52
62 916 58
63 133 93
63 146 38
63 279 60
63 297 56
63 367 14
63 439 38
63 558 37
63 577 96
63 684 55
63 725 43
64 109 32
64 155 7
64 256 25
64 327 85
64 333 40
64 357 82
64 378 24
64 457 69
64 461 62
64 512 60
64 647 92
64 673 5
64 702 60
64 928 9
65 78 77
65 241 98
65 281 9
65 309 23
65 472 59
65 572 36
65 655 52
65 659 51
65 752 44
65 871 33
65 922 52
66 73 87
66 123 46
66 555 95
66 561 38
66 902 41
67 69 29
67 75 76
67 80 2
67 105 86
67 175 85
67 177 50
67 195 74
67 243 54
67 368 55
67 419 13
67 432 34
67 835 80
67 851 9
67 919 64
68 431 7
68 592 79
68 819 54
69 94 98
69 172 8
69 302 66
69 304 93
69 573 29
69 812 9
69 900 45
70 789 45
70 809 61
70 872 50
71 93 7
71 95 26
71 176 45
71 206 51
71 208 49
71 429 64
71 914 72
72 111 16
72 374 71
73 112 4
73 116 95
73 161 94
73 205 29
73 219 44
73 325 99
73 375 40
73 493 38
73 499 55
73 516 37
73 554 50
73 651 67
73 699 85
73 836 55
73 950 30
74 166 77
74 343 34
74 545 53
74 635 43
74 838 87
74 944 8
75 151 25
75 280 49
75 283 16
75 331 91
75 343 69
75 352 19
75 470 14
75 620 39
75 635 74
75 864 46
75 868 61
76 287 11
77 95 66
77 191 16
77 253 32
77 261 83
77 338 29
77 564 41
77 610 58
77 663 11
77 693 73
77 757 3
78 80 33
78 361 81
78 379 2
78 436 68
78 913 77
79 106 67
79 203 91
79 302 56
79 356 32
79 506 98
80 456 96
81 82 12
81 152 53
81 177 58
81 194 29
81 274 85
81 315 83
81 336 7
81 354 76
81 417 18
81 440 35
81 751 64
81 757 55
81 774 3
81 787 92
81 858 57
81 998 46
82 336 52
82 405 41
82 625 70
82 784 36
83 229 48
83 357 5
83 589 18
83 593 100
83 778 43
84 118 12
84 150 57
84 152 98
84 244 54
84 475 32
84 661 81
84 796 36
84 816 25
84 951 60
85 665 99
85 791 2
85 803 90
85 839 24
85 840 81
86 88 6
86 128 97
86 168 55
86 215 1
86 227 9
86 388 16
86 490 3
86 510 63
86 730 19
86 759 56
86 808 84
86 889 55
86 988 100
87 89 65
87 96 67
87 100 20
87 153 96
87 188 89
87 231 44
87 268 54
87 450 50
87 460 35
87 473 80
87 529 5
87 742 72
88 452 71
89 102 49
89 197 30
89 203 8
89 211 46
89 216 91
89 240 11
89 294 76
89 325 61
89 331 11
89 391 71
89 406 90
89 456 74
89 521 91
89 547 71
89 586 75
89 618 100
89 709 13
89 846 97
89 895 26
90 127 99
90 195 85
90 748 89
90 907 19
90 976 25
91 226 21
91 290 18
91 849 42
92 109 61
92 144 5
92 174 8
92 212 68
92 326 29
92 408 17
92 460 92
92 566 70
92 643 63
92 672 50
92 684 78
93 158 80
93 286 75
93 687 92
93 750 40
93 903 83
93 965 34
94 119 25
94 154 87
94 266 30
94 417 69
94 807 81
95 170 87
95 171 63
95 195 86
95 208 19
95 225 80
95 265 17
95 292 26
95 308 29
95 341 14
95 355 27
95 587 79
95 760 24
95 885 46
96 100 20
96 110 82
96 145 58
96 181 40
96 335 4
96 469 10
96 479 97
96 640 15
96 730 62
96 745 53
96 778 93
96 823 75
96 894 95
96 947 86
97 160 44
97 316 1
97 400 49
97 529 25
98 176 86
98 212 12
98 318 81
98 399 6
98 539 85
98 556 67
98 578 88
98 621 69
98 687 89
98 807 5
98 813 58
99 126 75
99 200 36
99 231 36
99 257 95
99 298 26
99 394 13
99 469 67
99 560 7
99 877 46
99 949 8
99 997 37
101 272 1
101 565 49
101 893 91
101 915 79
101 931 43
103 436 44
104 118 55
104 124 47
104 391 95
104 726 95
104 729 84
104 992 77
105 125 48
105 185 92
105 213 81
105 276 16
105 312 11
105 489 20
105 799 33
106 152 69
106 197 100
106 204 92
106 307 51
106 324 47
106 492 56
106 609 26
108 240 32
108 387 58
108 616 84
108 782 41
108 877 58
109 317 89
109 427 59
109 579 78
109 624 20
109 785 27
110 129 40
110 192 27
110 263 65
110 296 6
110 384 85
110 496 24
110 534 5
110 552 29
110 689 31
110 845 99
111 114 30
111 394 70
111 421 87
111 809 77
111 854 30
112 467 72
112 571 93
112 664 77
113 160 90
114 140 2
114 150 4
114 319 32
114 540 61
114 874 7
114 933 30
115 132 75
115 218 60
115 495 9
115 728 20
116 130 22
116 179 95
116 383 19
116 487 66
116 547 77
117 343 96
117 847 7
118 121 82
118 315 93
118 344 22
118 486 33
118 535 68
118 539 63
118 557 65
118 715 53
118 844 64
118 927 12
119 144 15
119 220 1
119 329 62
119 482 96
119 568 79
120 163 72
120 355 45
120 363 59
120 549 35
120 627 50
120 639 70
120 768 28
121 134 93
121 159 60
121 165 74
121 172 81
121 204 37
121 261 25
121 284 64
121 516 96
121 537 61
121 555 82
121 672 20
121 721 87
121 756 38
121 783 26
121 829 69
121 903 84
121 955 70
122 381 70
122 786 58
122 861 38
123 153 58
123 207 44
123 234 37
123 309 27
123 346 70
123 482 53
123 574 36
123 726 50
123 767 20
123 842 8
124 246 3
124 253 17
124 287 33
124 531 64
124 543 44
124 548 93
124 698 70
124 759 87
124 976 79
125 215 96
125 284 21
125 293 36
125 556 20
125 681 23
126 255 25
126 337 82
126 359 29
126 430 15
126 578 61
126 734 54
127 209 7
128 241 75
128 561 8
128 607 7
128 668 38
128 961 57
129 186 42
129 272 13
129 464 73
129 776 22
130 236 68
130 327 14
130 454 52
130 516 8
131 180 31
131 293 75
131 314 79
131 394 49
131 411 39
131 566 11
131 637 49
131 781 9
131 854 98
132 295 82
133 192 62
133 266 8
133 305 82
133 696 66
133 742 42
133 903 48
134 249 15
134 321 50
134 398 15
134 526 99
134 576 65
134 648 70
134 668 56
134 930 56
135 295 14
135 310 100
135 499 38
135 617 37
135 842 39
136 364 7
136 386 78
136 686 28
136 847 52
136 868 73
136 897 26
137 225 64
137 688 43
137 749 59
138 370 18
138 386 5
138 480 86
138 685 61
139 167 98
139 182 34
139 193 46
139 221 68
139 291 46
139 427 60
139 473 21
139 488 63
139 536 84
139 652 71
139 737 46
139 985 12
140 171 12
140 232 49
140 309 100
140 335 58
140 380 4
140 489 29
140 519 94
140 577 46
140 586 12
140 670 94
140 690 5
140 920 42
141 173 33
141 276 94
141 368 27
141 589 48
141 795 64
142 604 2
142 975 69
143 219 15
143 353 51
143 402 16
143 459 32
143 563 90
143 628 67
143 801 81
143 863 5
144 214 56
144 770 17
144 857 10
145 148 62
145 153 91
145 259 43
145 276 33
145 289 1
145 296 33
145 380 36
145 465 76
145 521 13
145 632 51
145 679 87
145 681 83
145 706 4
145 771 78
145 779 40
145 826 92
146 889 4
146 922 90
147 163 12
147 802 91
147 867 78
149 428 32
149 468 39
149 511 20
149 713 55
149 714 78
149 731 72
149 804 50
149 936 19
150 230 33
151 223 11
151 424 85
151 873 93
151 892 19
151 970 80
152 155 41
152 189 50
152 205 14
152 443 98
152 445 62
152 470 67
152 521 74
152 651 19
152 652 61
153 184 91
153 230 100
153 388 20
154 247 95
154 271 6
154 382 53
154 512 54
154 532 24
154 597 48
154 837 70
155 193 18
155 228 87
155 304 11
156 243 37
156 353 54
156 493 76
156 550 7
156 988 57
158 239 40
158 657 84
160 262 74
160 329 43
160 359 11
160 492 64
160 592 59
160 636 4
160 734 31
160 754 31
160 950 62
161 185 50
161 247 24
161 446 40
161 741 61
162 235 60
162 267 17
162 583 100
162 721 36
163 447 46
163 631 18
163 972 88
164 182 49
164 211 50
164 617 99
164 973 21
164 997 79
165 278 24
166 435 41
167 198 48
167 219 47
167 312 23
167 444 41
167 515 8
167 541 85
167 685 3
168 190 53
168 250 3
168 345 96
168 383 1
168 965 84
169 260 26
169 284 84
169 285 78
169 642 59
169 678 48
169 833 34
170 174 84
170 401 81
170 538 81
170 711 47
170 779 41
170 965 80
171 187 75
171 453 88
171 454 65
171 501 38
171 650 21
171 746 41
171 781 53
171 803 43
173 252 54
174 288 77
174 799 81
175 277 17
175 283 45
175 538 53
175 840 31
175 873 94
175 985 91
176 186 20
176 200 82
176 299 92
176 471 68
176 501 36
176 502 41
176 503 52
176 546 17
176 634 23
176 657 24
176 664 92
176 732 76
176 780 79
176 887 40
176 888 61
176 929 16
176 987 87
178 278 35
178 594 21
180 222 30
180 559 16
180 565 68
180 581 44
181 618 19
181 825 97
181 831 69
182 216 63
182 432 1
182 744 12
182 773 88
183 220 9
183 250 60
183 384 65
183 825 65
184 191 66
184 262 85
184 419 43
184 426 48
184 528 56
184 536 97
184 549 19
184 598 87
184 614 100
184 700 47
184 720 21
184 752 13
184 934 58
184 967 42
185 527 100
185 884 71
186 283 89
186 290 8
186 716 66
187 259 24
187 294 11
188 422 47
188 527 35
189 256 20
189 299 22
189 609 66
189 765 10
189 856 53
189 931 78
190 232 7
190 542 95
190 977 20
191 209 51
191 924 88
191 971 53
192 361 75
192 415 56
192 971 97
193 379 76
193 709 77
194 466 65
194 633 42
194 775 11
195 282 40
195 300 100
195 412 60
195 426 96
195 442 70
195 545 19
195 929 22
195 974 60
196 389 72
197 238 43
197 526 75
197 638 62
197 929 90
198 365 87
198 704 48
199 331 14
199 376 44
199 427 49
199 630 47
199 647 96
200 332 22
200 357 27
200 424 78
200 522 69
200 607 55
201 314 45
201 463 65
201 590 72
201 600 27
201 882 3
202 235 93
203 678 56
204 282 78
204 377 62
204 817 40
204 878 17
205 210 66
205 249 77
205 404 79
205 413 32
205 470 90
205 515 37
205 528 72
205 608 28
205 694 77
206 217 55
206 401 19
206 485 5
206 496 74
206 602 66
206 604 51
206 776 49
207 435 44
207 504 60
207 613 65
207 858 87
208 238 34
208 504 61
208 513 54
208 788 11
208 827 3
209 221 40
209 506 8
209 655 76
209 707 81
209 728 94
209 772 53
209 798 40
209 926 71
209 945 91
210 297 37
210 318 15
210 574 74
210 599 45
210 692 19
210 938 68
211 215 11
211 289 89
211 321 94
211 698 54
212 539 78
212 649 33
212 783 34
213 258 82
213 268 32
213 471 77
213 599 87
213 671 40
213 833 22
214 349 17
214 360 15
214 400 75
214 418 83
214 579 55
214 824 59
214 847 94
215 237 19
215 269 19
215 455 79
215 499 60
215 616 96
215 661 6
215 873 99
215 900 65
215 940 78
216 416 27
216 619 98
216 737 29
216 807 86
217 441 13
218 267 42
218 277 90
218 375 14
218 501 91
218 532 39
218 614 55
219 249 54
219 301 56
219 320 49
219 350 54
219 723 78
220 275 71
220 638 29
220 833 53
221 222 93
221 286 98
221 358 48
221 396 79
221 434 29
221 633 20
221 665 70
221 669 40
221 883 93
222 349 48
222 706 94
223 604 44
223 980 68
224 225 23
224 597 29
224 734 73
225 228 34
225 253 18
225 310 20
225 570 29
225 709 4
225 753 63
225 762 43
226 233 4
226 285 23
226 287 27
226 326 89
226 453 8
226 866 83
226 984 35
227 254 14
227 429 29
227 634 64
229 238 34
229 305 17
230 567 37
230 686 44
230 868 32
231 264 51
231 697 53
232 344 80
232 364 61
232 653 10
232 891 70
233 260 68
233 302 6
233 339 100
233 415 43
233 430 70
233 442 84
233 496 69
233 510 86
233 645 89
233 676 94
233 678 48
233 689 28
233 710 29
233 753 1
233 810 35
233 945 99
233 978 62
234 296 20
234 319 93
234 372 11
234 412 77
234 581 14
234 603 30
234 886 26
235 484 7
235 492 41
235 625 73
236 261 20
237 301 15
237 660 76
237 763 17
238 333 62
238 889 5
238 948 17
240 273 57
240 693 95
240 794 25
241 246 21
241 472 38
242 703 13
242 850 95
243 631 81
243 683 31
244 523 36
244 761 76
245 324 5
247 829 97
249 850 96
250 502 30
251 398 87
251 445 11
251 560 93
251 765 82
251 834 88
251 835 8
251 864 49
252 528 56
252 885 77
253 412 31
253 451 25
254 381 60
254 437 47
254 652 89
256 290 18
256 428 93
256 662 53
256 962 91
257 395 45
257 587 68
257 624 69
257 724 45
258 458 84
259 677 71
259 740 80
260 322 35
260 562 42
260 594 68
260 883 47
261 568 36
261 804 69
262 363 86
263 371 40
263 420 99
263 615 31
263 930 57
263 977 51
264 648 74
264 682 45
265 376 4
265 535 24
266 313 54
266 990 11
267 274 86
267 434 14
267 478 52
267 482 13
267 698 44
268 478 16
268 479 96
268 569 93
268 588 12
270 358 26
270 553 32
270 582 18
270 770 47
270 793 37
270 941 21
271 339 96
271 472 82
271 477 1
271 498 49
272 596 43
273 674 5
273 894 53
274 408 76
274 879 37
275 354 32
275 379 81
275 686 30
275 927 95
276 608 60
276 898 61
277 425 55
278 332 3
278 351 65
278 601 51
279 320 97
279 438 76
279 535 6
279 827 96
279 901 18
280 313 9
280 362 19
280 406 58
280 464 71
280 881 66
281 367 22
281 382 82
281 463 66
282 815 40
283 372 10
284 642 12
284 660 52
284 930 71
285 773 63
287 346 94
287 517 71
288 471 12
288 552 37
288 806 96
288 887 87
288 986 36
288 999 53
289 378 20
289 840 64
290 308 89
290 854 51
291 481 95
292 390 92
292 872 42
292 994 5
293 473 57
293 894 44
294 587 80
294 938 73
295 483 27
295 821 10
296 338 51
296 474 58
296 527 42
296 554 82
296 582 77
296 591 87
296 667 50
296 746 6
296 769 45
297 585 30
297 598 73
298 317 10
298 402 6
298 448 37
299 659 39
299 679 75
299 973 70
302 398 54
302 411 84
302 575 60
302 955 37
304 401 36
304 414 67
304 487 96
304 559 49
304 892 95
305 544 37
306 341 77
307 359 37
307 524 88
307 605 65
307 940 29
308 316 25
308 330 100
308 399 1
308 677 79
309 404 3
309 425 71
309 468 41
309 509 25
309 606 59
310 953 90
311 314 86
311 414 48
311 438 23
311 466 60
311 610 81
311 654 89
311 656 82
311 767 14
312 348 96
313 520 57
314 360 8
314 577 78
314 801 1
316 395 81
316 454 30
316 729 28
318 457 72
318 901 49
319 342 13
319 366 1
320 342 42
320 441 11
320 629 77
320 673 13
320 867 84
321 418 21
321 451 68
321 580 25
321 595 48
322 755 87
325 514 34
327 647 56
328 546 24
328 550 100
328 573 26
329 381 47
329 613 73
330 344 91
330 392 16
331 477 62
331 486 78
331 745 17
332 824 86
333 924 13
334 745 31
335 351 13
337 345 73
337 982 29
338 376 48
338 650 34
339 998 20
340 522 33
340 764 92
341 349 1
341 531 86
341 702 15
341 860 49
341 964 79
342 374 28
342 838 88
343 383 27
343 611 59
343 674 59
343 708 72
343 830 82
344 443 44
344 623 70
346 467 30
348 355 44
348 407 3
348 712 30
348 716 87
348 862 82
349 448 17
350 351 56
351 452 75
353 361 74
353 476 31
353 797 32
353 973 11
354 509 77
354 553 18
354 739 56
355 463 97
355 505 94
357 442 7
357 497 85
357 544 9
358 794 10
358 842 17
358 909 38
358 975 21
359 562 92
359 933 2
360 609 52
360 826 79
361 602 7
361 935 17
364 395 87
364 713 53
364 828 80
368 508 85
368 570 46
368 588 3
368 641 69
368 850 88
369 810 30
370 574 78
371 520 27
371 793 72
371 856 51
372 415 21
372 571 15
372 989 29
373 548 74
373 976 99
374 545 17
374 550 11
375 643 14
375 705 85
375 775 41
375 800 43
376 741 99
376 763 29
376 802 49
376 848 25
377 544 2
377 823 57
378 390 18
378 995 39
380 494 34
380 517 26
380 621 67
380 961 19
381 620 13
381 904 32
381 925 51
381 933 22
382 392 100
382 447 27
382 478 97
382 675 31
382 975 72
384 905 96
385 917 68
385 952 19
386 551 4
386 628 17
386 735 86
386 921 60
388 648 57
389 938 65
390 872 39
390 881 79
390 977 14
391 444 84
392 983 81
393 396 67
393 397 6
393 486 73
393 552 40
393 622 59
393 788 77
394 897 9
395 796 56
395 966 58
397 735 1
397 742 67
398 531 6
399 563 38
399 590 72
399 701 33
399 741 31
400 462 99
401 601 14
401 700 66
402 910 67
402 912 65
402 963 86
405 749 23
407 460 12
407 610 59
407 649 84
407 860 66
408 494 49
411 491 13
411 514 9
411 657 13
412 465 48
412 957 79
414 876 25
415 437 33
415 453 13
415 557 8
415 575 35
415 578 72
415 786 71
415 831 60
415 992 91
415 993 87
416 503 33
416 892 72
416 924 79
417 937 79
417 954 83
418 449 22
419 986 81
421 509 15
421 991 59
423 540 1
423 769 76
423 914 74
426 488 58
428 701 12
429 469 8
429 675 51
429 680 7
430 542 31
430 567 5
430 750 78
431 766 70
432 579 65
432 675 17
434 455 73
434 458 77
434 532 27
436 440 11
436 829 35
437 737 10
440 627 80
441 971 27
442 524 50
442 658 45
443 452 98
443 462 13
443 695 28
443 820 54
444 946 49
444 964 43
445 599 86
445 767 57
446 636 56
447 488 66
447 684 37
448 573 27
449 530 61
449 717 58
449 740 28
449 901 14
449 915 2
452 588 50
452 691 69
453 536 21
454 753 95
454 814 20
457 462 23
457 479 45
457 645 8
459 589 76
459 696 62
459 707 44
459 711 24
459 820 33
459 856 54
459 877 86
459 982 11
459 993 55
460 739 26
462 515 48
462 878 93
464 476 7
465 723 20
465 882 69
465 940 78
466 570 100
466 623 52
466 952 17
467 553 29
469 611 53
469 799 46
470 508 35
470 533 46
470 576 98
470 645 41
470 646 82
470 663 13
470 754 17
470 874 34
471 603 10
471 660 44
471 747 90
474 490 66
474 834 93
475 526 90
477 493 2
477 736 88
477 773 68
478 484 24
478 634 58
478 733 68
478 855 62
479 790 25
479 906 60
480 653 60
482 495 24
482 584 15
482 727 89
482 837 56
482 899 48
483 583 67
484 656 39
486 650 8
487 518 4
488 751 62
488 758 49
490 525 66
491 712 78
491 776 65
495 640 45
496 564 72
496 822 60
496 925 55
498 653 76
498 865 72
499 994 75
500 888 75
500 931 89
502 622 92
504 794 59
504 969 90
505 514 99
505 703 48
506 612 98
507 970 73
512 743 35
514 586 34
514 898 45
515 632 5
515 806 41
516 565 7
517 708 74
519 603 75
519 714 33
522 537 60
522 597 6
522 958 99
523 591 83
523 876 98
524 543 29
524 967 79
525 736 23
527 576 29
527 828 10
528 871 38
532 966 31
534 584 77
534 944 60
536 569 20
538 601 2
538 621 48
538 738 91
538 770 48
538 805 88
539 990 2
540 669 91
540 769 15
540 783 47
540 787 82
541 637 48
541 640 33
541 958 8
541 959 93
542 899 11
544 858 27
550 932 18
551 559 70
551 880 54
552 792 44
552 992 82
555 695 27
556 670 63
556 746 16
556 768 99
558 689 96
558 845 85
558 923 77
560 598 98
560 798 25
562 785 68
563 580 36
563 798 14
565 694 20
565 861 96
565 987 74
566 727 39
568 822 8
570 575 29
571 724 42
572 643 40
572 666 20
572 806 3
573 862 29
575 627 47
575 646 66
575 816 19
575 941 43
575 957 44
585 615 14
587 928 41
588 654 100
591 988 41
594 870 39
595 602 40
595 614 7
595 692 37
596 731 66
597 738 40
599 974 40
601 849 92
603 821 64
604 914 39
606 719 11
611 998 56
612 757 3
612 786 23
613 748 33
613 813 88
618 625 66
618 803 24
618 863 65
618 908 73
619 817 34
620 766 84
624 644 42
625 676 17
628 760 16
628 907 43
629 844 75
629 911 25
631 852 57
636 755 68
637 968 14
639 795 89
639 869 39
640 679 26
649 667 28
649 898 1
649 919 6
650 662 56
651 772 12
652 717 89
652 774 54
652 844 92
653 849 38
654 890 87
660 764 98
660 780 10
662 725 33
663 688 58
663 836 79
664 717 98
664 788 51
665 864 62
667 791 92
668 879 80
669 969 26
676 697 37
676 711 52
676 870 86
677 713 28
679 857 85
680 727 49
680 814 95
680 815 26
681 861 78
685 766 16
690 782 37
691 910 49
691 942 5
691 995 79
692 719 75
692 905 54
692 951 70
693 920 31
695 865 85
697 802 69
697 818 67
697 896 78
698 762 62
702 750 15
703 756 12
705 817 21
708 960 57
709 909 9
709 926 60
714 720 2
715 801 5
716 843 53
717 832 26
718 946 51
720 853 80
720 870 41
722 979 23
725 812 3
725 827 10
725 968 8
726 943 39
729 804 80
729 810 57
730 797 36
730 820 1
731 744 56
734 740 72
734 994 78
736 896 40
739 789 94
740 851 91
742 791 50
745 848 27
746 834 44
746 891 13
750 881 72
750 943 51
756 918 79
760 954 69
762 765 22
762 790 72
765 789 33
766 916 2
766 991 83
768 853 99
769 779 47
772 839 84
772 875 44
773 809 22
773 857 48
784 915 56
796 911 73
801 954 33
802 991 54
803 855 89
805 945 58
819 859 9
825 960 48
829 906 83
829 916 72
833 962 56
835 974 59
846 955 24
855 928 13
855 947 27
860 953 67
863 944 50
864 927 18
872 949 35
901 925 64
905 917 40
905 934 92
913 961 14
915 968 17
925 946 99
937 957 10
938 996 51
942 956 71
959 996 62
963 983 88
967 989 58
978 984 40
