1000 2991
0 1 1
0 2 47
0 3 76
0 4 34
0 5 85
0 6 34
0 7 94
0 23 46
0 25 13
0 26 71
0 27 19
0 32 17
0 34 79
0 47 96
0 51 96
0 52 57
0 56 92
0 61 83
0 65 3
0 71 3
0 75 22
0 81 27
0 86 29
0 88 54
0 91 74
0 94 49
0 112 14
0 116 36
0 119 59
0 122 17
0 129 81
0 133 68
0 142 20
0 162 19
0 163 8
0 179 66
0 187 17
0 207 76
0 215 14
0 227 26
0 239 84
0 252 50
0 253 48
0 259 64
0 285 25
0 291 37
0 292 72
0 300 75
0 308 65
0 310 50
0 318 80
0 323 76
0 326 76
0 328 14
0 340 24
0 345 10
0 359 8
0 362 26
0 363 48
0 370 26
0 379 62
0 391 60
0 400 40
0 415 80
0 438 93
0 439 100
0 448 90
0 456 90
0 458 58
0 479 87
0 482 78
0 505 65
0 510 44
0 515 54
0 522 93
0 537 49
0 553 43
0 554 40
0 556 66
0 566 83
0 596 81
0 601 76
0 605 90
0 619 56
0 630 100
0 638 21
0 652 100
0 656 67
0 670 78
0 691 77
0 697 90
0 735 49
0 759 10
0 763 64
0 778 9
0 779 81
0 781 69
0 788 50
0 834 3
0 840 80
0 877 6
0 882 15
0 914 53
0 920 95
0 926 6
0 948 63
0 952 60
0 964 16
1 6 27
1 11 66
1 12 100
1 14 56
1 17 75
1 22 63
1 30 84
1 31 70
1 35 74
1 54 74
1 56 8
1 58 83
1 99 88
1 140 63
1 172 37
1 174 20
1 179 40
1 189 20
1 191 68
1 200 38
1 211 37
1 244 2
1 267 66
1 287 58
1 317 71
1 329 16
1 381 79
1 397 97
1 445 98
1 475 52
1 518 73
1 542 86
1 558 78
1 606 67
1 612 71
1 628 70
1 648 20
1 655 55
1 658 31
1 775 12
1 797 17
1 812 69
1 818 88
1 844 9
1 870 10
1 889 49
1 923 57
1 926 60
1 994 69
2 4 31
2 8 19
2 12 36
2 13 69
2 20 2
2 22 31
2 25 33
2 29 21
2 34 66
2 47 59
2 52 90
2 63 84
2 64 48
2 68 12
2 71 86
2 81 73
2 82 48
2 97 76
2 100 15
2 104 24
2 108 47
2 113 13
2 128 13
2 154 23
2 164 28
2 177 39
2 185 43
2 196 86
2 222 10
2 312 28
2 315 75
2 336 78
2 347 100
2 348 11
2 354 85
2 378 88
2 401 89
2 406 96
2 411 4
2 446 52
2 459 50
2 461 37
2 469 4
2 470 11
2 500 8
2 507 3
2 523 94
2 555 37
2 565 33
2 577 82
2 612 79
2 614 58
2 618 7
2 645 82
2 690 4
2 696 48
2 698 29
2 716 79
2 728 32
2 729 56
2 738 44
2 748 38
2 791 51
2 803 10
2 859 79
2 865 42
2 894 78
2 939 28
2 967 56
2 973 76
2 983 35
3 4 80
3 5 100
3 8 49
3 9 97
3 17 37
3 21 43
3 22 18
3 28 41
3 49 69
3 50 84
3 58 95
3 62 43
3 73 71
3 86 76
3 91 28
3 110 3
3 117 94
3 148 78
3 160 46
3 185 52
3 188 63
3 217 94
3 225 73
3 240 91
3 245 98
3 268 5
3 278 38
3 283 15
3 308 3
3 314 98
3 317 48
3 328 89
3 380 43
3 389 99
3 468 32
3 506 69
3 545 78
3 567 39
3 589 92
3 607 58
3 622 45
3 652 26
3 661 83
3 666 46
3 722 14
3 733 100
3 742 15
3 767 57
3 777 76
3 832 60
3 835 89
3 848 35
3 920 14
3 938 1
4 5 1
4 7 14
4 9 60
4 10 84
4 11 5
4 12 96
4 13 50
4 14 45
4 17 69
4 26 31
4 29 16
4 39 18
4 42 24
4 44 100
4 45 7
4 48 98
4 51 59
4 53 90
4 67 1
4 80 14
4 87 30
4 88 52
4 89 82
4 92 60
4 98 3
4 112 18
4 117 12
4 123 25
4 132 23
4 144 76
4 159 28
4 167 97
4 168 47
4 172 96
4 198 46
4 210 85
4 213 27
4 218 46
4 224 53
4 228 14
4 246 55
4 247 2
4 265 31
4 272 18
4 276 25
4 301 54
4 305 63
4 313 4
4 347 57
4 355 33
4 358 62
4 392 79
4 402 76
4 404 48
4 436 20
4 437 28
4 442 9
4 452 3
4 474 21
4 478 84
4 480 65
4 491 25
4 501 56
4 518 34
4 533 44
4 534 59
4 535 90
4 550 87
4 609 12
4 666 92
4 709 18
4 766 52
4 786 37
4 800 6
4 802 54
4 807 47
4 838 71
4 856 83
4 895 51
4 909 56
4 916 29
4 931 67
4 940 44
4 961 53
4 980 80
5 6 78
5 7 54
5 9 39
5 10 13
5 19 83
5 36 65
5 48 41
5 51 53
5 68 79
5 74 21
5 95 57
5 98 25
5 126 86
5 127 47
5 130 55
5 166 85
5 192 76
5 213 31
5 241 26
5 266 62
5 279 67
5 314 28
5 334 9
5 393 45
5 394 58
5 395 74
5 397 96
5 419 8
5 460 51
5 523 2
5 598 36
5 645 67
5 651 43
5 809 63
5 824 48
5 836 97
5 838 67
5 864 19
5 908 30
5 915 9
5 968 53
6 8 12
6 10 81
6 14 81
6 24 34
6 27 6
6 28 29
6 31 4
6 62 81
6 66 7
6 92 69
6 103 81
6 106 5
6 107 42
6 138 100
6 139 69
6 151 44
6 153 44
6 164 9
6 199 65
6 214 53
6 217 89
6 244 37
6 249 49
6 250 37
6 266 84
6 296 52
6 313 41
6 314 15
6 366 54
6 367 42
6 368 18
6 375 61
6 390 61
6 424 72
6 431 40
6 433 10
6 471 75
6 507 8
6 570 4
6 575 13
6 624 43
6 626 2
6 726 4
6 747 42
6 756 40
6 813 2
6 891 97
7 19 90
7 30 64
7 32 75
7 37 34
7 41 90
7 46 35
7 50 29
7 55 96
7 66 63
7 118 75
7 133 51
7 147 46
7 196 21
7 258 89
7 259 77
7 294 76
7 307 21
7 327 25
7 356 72
7 394 21
7 418 30
7 536 34
7 537 74
7 688 18
7 711 59
7 759 6
7 776 100
7 796 7
7 828 55
7 844 25
7 898 66
8 15 15
8 16 86
8 18 87
8 24 17
8 37 38
8 41 3
8 55 90
8 66 43
8 72 3
8 79 33
8 125 98
8 150 43
8 166 62
8 175 54
8 178 76
8 199 29
8 202 42
8 247 31
8 303 67
8 331 35
8 361 64
8 372 9
8 540 63
8 585 34
8 611 91
8 632 39
8 682 77
8 709 53
8 713 99
8 791 28
8 842 87
9 11 44
9 13 85
9 20 42
9 32 32
9 36 10
9 60 8
9 65 3
9 68 76
9 74 29
9 105 48
9 117 42
9 137 12
9 147 31
9 151 95
9 158 15
9 191 29
9 194 18
9 195 23
9 197 81
9 198 8
9 205 98
9 210 70
9 248 88
9 272 7
9 280 35
9 288 66
9 303 100
9 353 76
9 358 30
9 382 45
9 388 24
9 391 47
9 415 2
9 446 55
9 539 58
9 556 79
9 581 13
9 613 91
9 621 83
9 629 27
9 642 1
9 670 28
9 730 98
9 835 12
9 862 36
10 15 68
10 16 64
10 26 19
10 35 90
10 45 50
10 49 58
10 90 20
10 109 23
10 115 91
10 170 85
10 212 20
10 215 46
10 264 24
10 288 58
10 298 11
10 352 19
10 383 53
10 407 90
10 485 97
10 487 5
10 527 56
10 628 66
10 639 16
10 658 6
10 669 32
10 710 1
10 756 14
10 779 61
10 849 27
10 864 84
10 988 21
11 19 79
11 20 91
11 35 11
11 40 75
11 44 41
11 58 2
11 70 99
11 99 18
11 111 63
11 158 99
11 176 32
11 193 47
11 222 59
11 250 16
11 265 19
11 399 59
11 444 35
11 508 55
11 516 73
11 524 26
11 525 21
11 601 51
11 663 57
11 714 67
11 748 2
11 907 41
12 29 7
12 38 14
12 74 42
12 76 53
12 105 14
12 140 4
12 205 89
12 403 78
12 490 65
12 619 93
12 689 73
12 912 21
12 974 17
13 15 86
13 18 70
13 21 4
13 23 27
13 48 100
13 75 26
13 85 57
13 93 83
13 108 49
13 110 38
13 192 81
13 235 10
13 275 15
13 292 17
13 300 21
13 316 36
13 318 25
13 403 39
13 409 56
13 457 87
13 493 77
13 551 74
13 559 18
13 663 94
13 692 60
13 702 7
13 704 72
13 866 52
13 900 19
13 915 51
13 921 76
13 966 83
13 976 75
14 18 18
14 38 8
14 46 92
14 47 57
14 50 28
14 54 22
14 70 48
14 83 43
14 85 49
14 108 83
14 214 93
14 219 55
14 241 37
14 321 11
14 342 86
14 357 42
14 408 38
14 420 40
14 449 92
14 463 31
14 530 81
14 560 32
14 603 50
14 661 76
14 741 11
14 920 55
14 925 89
14 929 95
14 937 57
14 980 28
15 16 27
15 30 30
15 33 16
15 37 9
15 57 6
15 63 5
15 84 49
15 97 51
15 102 87
15 115 30
15 156 19
15 247 31
15 255 23
15 338 29
15 348 18
15 356 26
15 399 35
15 456 42
15 473 63
15 481 79
15 523 94
15 536 38
15 600 32
15 655 37
15 682 50
15 690 97
15 706 57
15 781 41
15 902 21
16 39 31
16 128 7
16 184 92
16 223 13
16 288 30
16 385 27
16 517 67
16 662 18
16 698 89
16 834 92
17 28 82
17 36 8
17 40 16
17 53 42
17 54 55
17 82 82
17 86 16
17 91 6
17 104 8
17 115 17
17 120 65
17 137 86
17 138 83
17 149 36
17 177 18
17 187 59
17 207 75
17 211 29
17 256 39
17 262 23
17 291 6
17 320 22
17 384 61
17 464 33
17 579 93
17 732 59
17 809 21
18 21 65
18 23 57
18 24 30
18 27 80
18 33 30
18 34 54
18 40 85
18 141 1
18 149 11
18 175 68
18 213 42
18 216 64
18 254 60
18 270 61
18 286 37
18 380 92
18 475 98
18 513 19
18 521 28
18 533 34
18 554 80
18 556 27
18 616 64
18 617 7
18 648 18
18 677 15
18 687 34
18 810 21
18 942 99
18 960 83
18 963 82
18 973 85
18 993 2
19 101 22
19 136 42
19 153 67
19 164 50
19 182 15
19 184 26
19 325 40
19 455 65
19 504 70
19 610 11
19 621 2
19 647 2
19 650 4
19 909 56
19 952 45
19 972 63
20 43 58
20 59 84
20 67 74
20 69 15
20 122 1
20 137 64
20 143 77
20 157 34
20 158 62
20 204 37
20 215 90
20 225 46
20 261 38
20 297 41
20 301 79
20 322 95
20 389 87
20 401 54
20 417 87
20 422 14
20 553 92
20 617 57
20 625 78
20 643 79
20 649 66
20 678 86
20 743 33
20 982 1
21 46 91
21 65 59
21 155 28
21 195 94
21 306 14
21 327 84
21 348 65
21 371 23
21 398 63
21 466 78
21 488 81
21 608 88
21 924 68
22 31 80
22 33 53
22 56 34
22 60 14
22 90 81
22 113 3
22 121 28
22 127 10
22 140 21
22 221 92
22 242 65
22 251 51
22 271 93
22 277 96
22 338 41
22 347 7
22 417 55
22 490 46
22 642 16
22 744 89
22 941 62
22 977 34
22 987 52
23 25 5
23 39 71
23 64 15
23 121 36
23 134 24
23 156 31
23 366 13
23 693 2
23 723 14
24 135 87
24 222 80
24 248 21
24 298 100
24 330 43
24 532 34
24 552 23
24 694 95
24 726 8
24 732 60
24 743 49
24 799 20
25 53 54
25 69 28
25 78 59
25 95 93
25 183 85
25 407 76
25 520 62
25 566 23
25 646 53
25 668 83
25 739 97
25 784 13
25 842 60
25 881 25
26 41 59
26 42 7
26 95 74
26 176 51
26 197 8
26 263 87
26 319 57
26 351 15
26 359 86
26 360 77
26 381 64
26 431 91
26 435 66
26 444 69
26 488 16
26 647 70
26 691 9
26 745 58
26 859 92
27 69 32
27 228 58
27 485 22
27 545 63
27 698 24
27 705 99
27 728 34
27 901 16
28 79 17
28 90 31
28 130 11
28 159 50
28 255 24
28 266 81
28 297 87
28 377 79
28 478 18
28 541 76
28 891 8
30 45 58
30 61 29
30 79 32
30 114 2
30 167 9
30 208 50
30 244 75
30 284 53
30 464 32
30 489 90
30 561 1
30 654 81
30 685 40
30 697 77
30 867 36
30 903 40
31 57 14
31 60 98
31 81 37
31 85 49
31 120 20
31 127 23
31 131 58
31 139 39
31 145 8
31 167 8
31 176 47
31 190 12
31 238 34
31 304 97
31 324 9
31 331 73
31 382 11
31 428 55
31 432 64
31 491 92
31 492 55
31 549 56
31 573 51
31 580 16
31 827 28
31 863 17
31 883 25
32 105 3
32 274 63
32 661 56
33 84 68
33 87 30
33 234 35
33 517 82
33 764 84
34 44 25
34 62 33
34 93 49
34 151 94
34 173 51
34 174 99
34 255 68
34 262 35
34 306 88
34 385 5
34 450 92
34 582 54
34 600 7
35 101 28
35 212 75
35 847 42
35 991 25
36 77 20
36 103 75
36 155 98
36 185 37
36 236 22
36 251 51
36 254 44
36 275 35
36 315 34
36 361 46
36 435 90
36 445 22
36 480 57
36 524 60
36 541 40
36 631 40
36 639 44
36 673 60
36 693 93
36 829 68
36 885 45
36 962 37
36 988 30
37 38 73
37 55 54
37 94 21
37 97 25
37 106 78
37 121 97
37 183 70
37 186 70
37 187 55
37 206 42
37 223 74
37 252 95
37 289 13
37 350 83
37 383 69
37 392 99
37 451 12
37 501 19
37 532 38
37 551 31
37 575 20
37 718 26
37 785 92
37 831 1
38 42 39
38 83 30
38 160 58
38 194 68
38 201 75
38 204 51
38 282 77
38 300 86
38 329 90
38 341 28
38 507 4
38 715 58
38 812 76
38 862 31
38 898 49
38 914 34
39 398 93
40 43 55
40 96 89
40 103 62
40 109 95
40 186 84
40 188 45
40 240 3
40 281 11
40 331 32
40 332 84
40 343 96
40 400 88
40 475 2
40 625 15
40 641 94
40 662 32
40 735 40
40 755 38
40 792 28
40 862 84
40 924 45
41 43 90
41 98 90
41 144 86
41 257 62
41 506 75
41 587 33
41 597 47
41 704 49
41 723 85
41 727 57
41 801 31
41 818 89
41 852 87
41 870 28
41 888 59
41 937 63
42 49 92
42 93 91
42 99 92
42 119 98
42 169 20
42 218 56
42 277 86
42 410 80
42 432 30
42 477 93
42 811 18
42 818 79
42 905 3
42 931 46
42 965 94
43 67 36
43 75 19
43 116 52
43 165 75
43 426 80
43 504 11
43 602 63
43 932 19
43 963 59
44 52 62
44 111 88
44 360 33
44 375 3
44 563 7
44 911 89
44 912 52
44 981 78
45 73 31
45 80 36
45 92 90
45 169 56
45 201 21
45 265 69
45 441 37
45 466 82
45 623 30
45 783 28
45 836 33
45 931 6
46 819 18
47 71 12
47 78 73
47 114 75
47 145 85
47 180 35
47 236 77
47 263 2
47 294 95
47 307 42
47 364 15
47 443 37
47 521 99
47 539 96
47 583 55
47 606 87
47 670 94
47 683 18
47 815 52
47 899 69
47 943 63
48 160 90
48 394 24
48 639 90
48 822 71
48 883 78
48 915 92
49 57 12
49 225 60
49 240 86
49 256 19
49 293 59
49 295 97
49 449 83
49 549 66
49 632 78
49 679 36
49 699 5
49 703 3
49 710 43
49 725 43
49 773 99
49 827 19
49 932 11
49 936 75
50 73 29
50 114 69
50 209 70
50 273 93
50 278 58
50 291 70
50 452 23
50 633 16
50 672 38
50 692 55
51 94 87
51 390 36
51 472 39
51 792 71
52 64 86
52 316 42
52 364 90
52 514 82
52 529 92
53 61 25
53 70 69
53 118 88
54 59 10
54 82 92
54 135 58
54 230 97
54 279 31
54 285 38
54 299 50
54 311 42
54 326 28
54 333 48
54 425 80
54 545 53
54 581 61
54 611 95
54 696 61
54 705 95
54 757 17
54 811 72
54 823 49
54 871 56
54 882 37
54 936 54
54 989 75
55 146 3
55 269 3
55 369 77
55 469 30
55 586 29
55 799 85
55 951 30
56 59 90
56 72 82
56 87 72
56 135 24
56 227 34
56 241 100
56 316 9
56 607 31
56 843 57
57 194 8
57 202 49
57 220 9
57 242 56
58 96 30
58 136 33
58 233 1
58 841 22
59 76 62
59 88 82
59 178 17
59 353 95
59 417 57
59 509 57
59 560 18
59 715 38
59 858 49
59 868 98
59 974 42
60 63 58
60 84 65
60 494 94
60 679 85
61 131 100
61 203 33
61 229 36
61 416 33
61 424 43
61 641 36
61 767 26
61 833 23
61 869 57
61 972 66
62 204 19
62 332 12
62 375 3
62 843 56
63 77 75
63 125 55
63 145 38
63 169 99
63 458 80
63 589 96
64 228 2
64 427 15
64 624 3
64 746 12
64 949 25
65 72 76
65 111 55
65 178 49
65 306 49
65 495 77
65 577 37
65 659 27
65 708 60
65 744 8
65 887 92
65 948 75
66 528 100
67 76 15
67 138 44
67 153 72
67 209 24
67 299 93
67 308 58
67 386 86
67 439 28
67 520 12
67 571 78
67 598 23
67 614 71
67 656 75
67 760 87
67 761 55
67 770 48
67 796 73
67 847 15
67 904 48
67 947 57
68 80 6
68 125 17
68 144 96
68 150 26
68 231 93
68 232 13
68 276 68
68 415 33
68 425 13
68 457 96
68 737 26
68 886 90
68 922 79
68 959 71
68 982 83
68 986 69
68 996 69
69 100 6
69 110 75
69 120 40
69 128 2
69 132 98
69 133 99
69 155 44
69 162 70
69 199 80
69 207 19
69 211 58
69 259 57
69 294 60
69 436 34
69 548 46
69 757 77
69 778 81
69 782 77
69 896 17
69 961 100
70 143 79
70 731 51
71 100 47
71 141 7
71 154 3
71 161 73
71 226 31
71 280 71
71 282 7
71 335 51
71 336 4
71 450 3
71 557 68
71 588 98
71 597 68
71 768 58
71 814 3
72 123 7
72 134 9
72 136 61
72 142 57
72 238 60
72 246 86
72 254 62
72 304 30
72 472 90
72 583 98
72 712 71
72 880 49
72 979 35
73 253 94
73 599 66
73 681 60
73 911 35
74 157 35
74 195 13
74 235 95
74 467 48
74 570 39
74 684 38
74 754 3
74 762 92
74 770 52
74 793 74
74 826 37
75 101 92
75 104 32
75 339 2
75 362 39
75 479 51
75 530 7
75 580 8
75 585 67
75 588 58
75 604 57
75 621 24
75 989 76
76 77 3
76 78 4
76 107 81
76 126 40
76 132 95
76 166 40
76 180 13
76 181 20
76 261 53
76 271 87
76 305 68
76 409 39
76 421 38
76 423 96
76 434 29
76 467 35
76 544 65
76 590 47
76 592 40
76 597 48
76 636 53
76 640 48
76 665 14
76 700 80
76 707 28
76 749 56
76 753 25
76 879 20
76 956 59
77 89 74
77 102 81
77 119 90
77 201 65
77 272 33
77 369 11
77 419 78
77 490 94
77 495 49
77 508 82
77 580 75
77 697 93
77 841 57
78 486 32
78 712 64
78 747 70
79 124 27
79 224 5
79 257 56
79 372 36
79 376 75
79 795 43
79 996 63
80 89 4
80 206 87
80 383 15
80 418 33
80 601 65
80 701 8
80 708 71
80 883 6
80 997 42
81 83 7
81 106 43
81 112 90
81 126 17
81 163 39
81 231 16
81 322 8
81 370 82
81 483 87
81 848 71
82 122 44
82 233 91
82 548 68
82 706 7
82 777 35
82 794 54
82 874 28
83 611 40
84 296 4
84 305 19
84 405 21
84 544 54
84 724 44
84 956 27
85 256 34
85 349 25
85 481 70
85 488 11
85 615 63
86 148 78
86 249 82
86 486 63
86 516 26
87 152 42
87 157 5
87 250 49
87 289 19
87 292 61
87 373 53
87 483 59
87 612 93
87 640 47
87 655 72
87 820 13
87 906 21
87 945 17
87 946 87
88 139 6
88 171 76
88 186 13
88 401 75
88 550 78
88 584 85
88 751 91
89 113 24
89 170 79
89 268 5
89 513 26
89 820 4
89 900 70
90 248 74
90 412 99
90 451 79
90 512 19
90 907 25
91 102 59
91 107 8
91 361 16
91 430 97
92 142 36
92 200 15
92 209 39
92 221 97
92 309 84
92 332 35
92 482 70
92 683 18
92 708 39
92 722 4
92 962 9
93 152 74
93 171 80
93 547 21
93 680 39
93 991 67
94 96 14
94 118 81
94 123 93
94 163 1
94 344 45
94 412 76
94 448 26
94 835 29
94 992 67
95 846 36
96 239 63
96 410 84
97 287 41
98 328 48
98 341 2
98 660 86
98 940 64
99 200 96
99 210 41
99 226 72
99 312 53
99 411 61
99 484 55
99 512 14
99 819 16
99 912 68
100 312 27
100 339 37
100 435 61
100 509 3
100 610 31
100 803 52
101 131 5
101 165 9
101 171 6
101 174 5
101 278 26
101 337 24
101 374 55
101 378 100
101 441 76
101 453 13
101 484 17
101 535 63
101 585 92
101 857 96
102 150 92
102 161 11
102 219 26
102 562 21
103 503 27
103 616 99
103 622 79
103 713 98
103 798 92
103 997 49
104 116 54
104 124 18
104 130 21
104 159 81
104 170 34
104 173 59
104 223 61
104 279 66
104 450 58
104 709 2
105 109 10
105 124 36
105 389 31
105 457 88
105 771 9
106 438 92
106 456 51
106 520 39
106 816 81
107 258 57
108 192 92
108 273 47
108 320 41
108 388 92
108 426 30
108 477 35
108 617 32
108 850 10
108 879 75
108 898 61
109 141 52
109 177 17
109 202 74
109 206 5
109 234 38
109 239 76
109 260 28
109 309 75
109 313 82
109 335 96
109 602 21
109 751 41
109 928 55
109 965 82
109 970 30
110 190 63
110 193 43
110 409 4
110 420 48
110 567 96
110 955 24
111 692 74
111 794 33
112 134 47
112 243 63
112 276 76
112 342 50
112 353 12
112 562 65
112 572 72
112 793 58
112 831 75
114 208 83
114 269 15
114 414 57
114 629 53
114 746 43
115 368 99
115 563 19
116 304 13
116 402 60
116 423 79
116 496 16
116 672 52
116 825 25
117 143 83
117 379 68
118 154 96
118 497 62
118 587 90
118 941 2
118 971 67
119 168 8
119 196 7
119 374 5
119 416 100
119 454 82
119 461 46
119 573 2
119 711 13
119 750 21
120 149 55
120 182 60
120 342 49
120 529 65
120 910 5
121 179 65
121 561 57
121 615 93
121 884 63
122 419 6
123 198 60
123 384 40
123 677 46
123 892 5
124 242 54
124 267 4
124 738 84
125 129 46
125 446 85
125 496 39
125 518 51
125 633 29
125 739 45
126 148 77
126 227 78
126 541 86
126 769 6
126 878 91
126 907 52
127 129 56
127 808 72
127 825 77
127 834 98
128 237 31
128 673 12
129 146 77
129 191 72
129 245 36
129 268 51
129 329 93
129 349 99
129 377 53
129 471 7
129 517 38
129 561 45
129 626 2
129 897 10
130 345 61
130 476 18
130 718 89
130 923 56
131 469 81
131 699 51
132 273 77
132 290 27
132 335 38
132 396 76
132 465 54
132 634 98
132 685 85
132 721 67
132 963 32
133 582 97
133 704 6
133 773 17
134 321 85
134 664 90
134 872 40
135 172 74
135 243 64
135 271 38
135 281 6
135 531 88
135 799 65
135 819 13
135 922 90
136 175 98
136 736 84
136 771 71
136 995 86
137 309 29
137 344 21
137 761 69
138 146 12
138 156 90
138 203 32
138 408 90
138 833 1
139 212 91
139 237 91
139 504 68
139 979 34
140 463 90
140 552 13
140 815 49
141 374 67
141 396 85
141 414 33
141 502 90
141 542 96
141 637 81
141 681 81
141 809 17
141 906 12
142 376 94
142 904 35
142 945 100
143 147 9
143 183 24
143 338 6
143 397 19
143 577 31
143 635 85
143 774 36
143 943 91
144 173 85
144 442 75
144 492 56
144 627 51
145 152 33
145 162 40
145 230 51
145 277 9
145 283 13
145 310 24
145 470 10
145 515 19
145 573 95
145 602 44
145 747 49
145 843 35
146 168 43
146 293 69
146 319 88
146 365 59
146 418 45
146 498 64
146 773 15
146 850 5
147 284 60
147 472 86
147 796 53
147 838 2
147 917 22
148 189 76
148 405 61
148 763 24
148 791 12
148 938 22
149 184 42
150 805 14
152 208 62
152 462 43
152 917 9
152 958 52
153 161 93
153 232 37
153 363 3
153 422 86
153 426 7
153 775 31
153 903 45
154 422 66
155 190 45
155 261 76
155 371 58
155 458 85
155 679 44
156 258 65
156 352 63
156 388 93
156 604 66
157 339 97
157 395 94
157 437 53
157 476 55
157 575 36
157 850 73
157 984 49
158 188 29
158 386 15
158 400 76
158 510 29
158 511 85
158 524 40
158 620 98
158 630 83
158 738 39
158 752 81
159 351 2
159 425 97
159 497 39
159 893 93
160 165 84
160 220 69
160 379 38
160 610 72
160 824 47
160 829 76
160 857 22
160 861 50
162 181 30
162 193 71
162 216 96
162 411 8
162 514 98
162 625 68
162 787 21
163 635 92
163 779 95
163 785 45
163 980 37
164 218 3
164 302 29
164 350 9
164 376 35
164 473 100
164 511 52
164 660 7
164 689 46
164 947 100
165 447 66
165 564 52
166 197 62
166 238 8
166 311 37
166 333 42
166 444 14
166 646 97
166 786 15
166 855 12
166 932 46
166 990 58
167 290 7
167 295 77
167 302 46
167 336 43
167 337 86
167 428 8
167 462 49
167 622 38
167 651 62
167 906 14
167 961 62
167 968 1
168 217 71
168 578 60
168 671 51
169 189 89
169 233 97
169 282 76
169 340 88
169 360 69
169 568 95
169 851 54
170 181 36
170 182 93
170 774 22
170 957 34
170 987 15
171 367 27
172 311 85
172 432 56
172 604 70
172 725 80
173 293 42
174 274 22
174 330 9
174 881 36
175 295 67
175 387 31
175 662 10
175 733 63
175 919 63
175 979 34
176 933 24
177 269 51
177 686 63
177 701 41
178 180 68
178 267 86
178 301 24
178 410 81
178 463 77
178 505 84
178 631 10
178 810 66
178 844 97
178 867 63
179 373 86
179 428 86
180 232 82
180 368 39
180 408 28
180 454 42
180 643 22
180 707 45
180 927 17
180 939 98
180 981 63
181 372 6
181 547 77
181 845 81
182 480 93
182 790 50
183 203 69
183 317 79
183 586 98
183 588 26
183 706 23
183 889 83
184 327 84
184 474 27
185 274 99
185 501 97
185 930 53
185 971 99
185 978 88
186 804 59
187 325 75
188 221 22
188 235 33
188 503 95
188 998 48
189 868 29
190 323 96
190 620 8
190 657 40
190 723 29
190 746 93
190 756 72
190 863 57
190 983 17
191 593 20
192 436 51
192 808 61
192 845 60
193 356 78
193 385 76
193 514 94
193 564 93
193 742 82
194 290 96
194 909 45
195 205 71
195 226 76
195 229 62
195 297 2
195 373 4
195 433 67
195 522 31
195 528 15
195 637 28
195 740 93
195 800 83
197 224 14
197 229 12
197 260 19
197 477 95
197 486 69
197 836 79
198 263 75
198 283 82
198 286 76
198 416 16
198 433 63
198 519 91
198 626 73
198 676 79
198 921 80
198 985 83
199 219 78
199 231 50
199 823 16
199 864 4
201 236 89
201 281 34
201 303 93
201 369 4
201 393 21
201 647 55
201 792 23
201 875 27
201 935 55
202 362 100
202 564 14
202 814 96
203 637 57
204 302 43
204 341 95
205 214 79
205 264 22
205 440 17
205 623 41
205 629 79
205 687 95
206 407 39
206 832 86
206 910 91
207 275 77
207 642 51
208 220 43
208 340 22
208 377 17
208 801 67
209 505 1
209 641 38
210 346 94
210 481 2
210 559 29
211 216 36
211 521 96
211 677 22
211 905 79
212 252 26
212 769 38
213 324 3
213 387 18
213 569 52
214 230 38
214 350 30
214 414 18
215 431 26
216 568 34
217 251 32
217 482 92
217 593 26
217 731 57
218 643 90
218 839 52
219 334 33
219 724 47
219 886 37
220 319 1
220 788 12
220 816 96
221 322 8
221 455 98
221 582 33
222 399 72
222 443 64
222 859 55
222 952 25
223 234 100
223 243 35
223 333 40
223 343 37
223 354 95
223 496 83
223 793 31
223 922 18
224 262 37
224 547 14
224 644 44
224 700 88
224 874 19
225 245 44
225 967 2
226 237 72
226 249 100
226 740 73
226 876 3
227 413 98
228 285 32
228 715 50
228 878 69
229 513 53
229 565 71
229 671 22
229 680 81
231 270 8
231 668 22
233 423 54
234 257 18
234 846 5
235 246 10
235 326 70
235 439 71
235 591 29
236 748 38
237 321 56
237 508 95
237 664 99
237 754 1
237 816 47
237 916 50
238 899 20
239 298 59
239 307 23
239 470 26
239 553 16
240 286 45
240 344 92
240 695 27
240 962 7
241 253 31
241 429 35
241 471 78
241 546 100
241 568 83
241 975 55
243 310 47
244 280 52
244 548 37
244 633 32
246 398 82
246 506 91
247 355 80
247 537 35
247 685 92
247 765 28
247 880 43
248 403 16
248 853 80
248 856 2
249 365 29
249 530 58
249 613 17
249 688 68
250 526 14
250 620 88
250 807 66
251 270 10
251 430 42
251 465 43
251 785 47
252 354 78
252 448 38
253 999 75
255 284 87
255 405 88
255 606 51
255 654 21
255 967 17
256 264 58
256 529 73
256 593 39
256 660 5
257 260 41
257 318 97
257 539 25
257 740 15
258 406 71
258 460 42
258 554 82
258 663 57
258 751 18
259 638 91
259 711 7
260 443 86
260 546 62
260 627 9
260 784 97
261 696 99
262 609 62
262 896 22
264 299 82
264 421 53
264 502 88
264 560 50
264 781 25
264 806 78
264 817 75
265 434 92
266 462 98
266 502 24
266 571 41
266 759 58
266 894 64
266 949 37
267 437 24
270 357 29
270 367 86
270 498 73
270 579 99
270 905 5
271 645 17
271 946 21
272 493 22
272 534 55
272 574 71
272 790 72
274 365 5
274 714 85
275 287 42
275 351 2
275 396 78
275 965 38
276 540 75
276 716 81
276 969 64
277 315 22
277 499 41
277 543 3
277 574 7
277 632 79
277 767 22
278 289 77
278 454 28
278 780 71
278 831 71
278 893 52
278 933 19
279 466 87
279 734 47
279 942 40
280 346 80
281 371 86
281 449 34
281 460 81
281 930 9
284 455 51
284 741 55
286 296 33
286 380 41
286 576 16
288 441 97
288 768 10
289 624 73
290 442 96
290 795 24
290 935 64
291 395 62
291 404 91
291 492 30
291 716 99
292 386 2
292 578 68
292 870 45
293 345 22
293 382 96
293 491 86
293 516 76
293 569 97
293 583 100
293 615 21
293 766 9
293 783 94
293 878 54
294 594 33
295 402 99
297 776 67
297 789 28
298 453 13
298 569 19
299 320 1
299 591 14
299 690 69
299 719 3
299 732 35
299 752 3
300 325 20
301 324 75
301 485 40
302 608 19
302 795 100
302 817 81
302 833 23
302 998 68
303 363 97
304 352 33
304 378 75
304 782 63
304 826 79
304 985 50
304 986 73
305 349 91
305 648 42
305 659 39
305 875 36
307 919 41
307 935 64
308 412 37
308 576 23
309 330 97
311 427 39
312 370 75
312 557 87
312 917 65
313 392 2
313 427 8
313 489 60
313 618 81
313 730 19
313 884 67
313 908 49
314 589 56
315 910 6
316 384 99
316 543 26
316 739 62
316 950 9
317 921 33
318 323 91
318 674 13
320 527 74
320 885 72
321 334 58
321 413 54
321 684 37
321 908 33
321 976 61
321 978 69
322 343 16
322 424 50
322 558 16
323 355 4
323 366 39
323 393 64
323 519 14
323 658 97
323 801 55
323 811 36
323 954 41
325 674 39
325 892 12
326 616 70
327 337 87
329 346 63
329 605 64
330 499 76
330 509 21
330 760 5
331 390 63
331 512 24
331 571 62
331 797 6
331 929 27
333 452 47
333 694 91
335 695 70
336 387 64
336 770 19
336 984 22
338 638 67
339 618 98
339 938 28
340 381 66
340 459 76
340 714 21
340 805 44
340 821 50
340 982 38
341 445 14
341 468 49
341 837 83
341 855 62
342 421 12
343 830 82
343 902 16
344 493 92
344 854 64
345 359 62
345 644 8
345 918 71
346 594 97
347 357 33
347 542 71
347 929 86
348 712 22
349 476 76
350 364 55
350 391 15
350 578 11
350 988 35
351 572 86
351 584 48
351 694 35
351 808 2
352 762 69
352 765 10
353 804 79
353 813 77
353 946 74
354 562 95
354 682 21
354 872 12
355 358 32
355 406 67
355 693 61
356 656 14
360 483 27
360 484 3
360 574 78
361 459 59
361 540 2
361 630 38
362 527 53
362 599 37
363 500 16
363 667 79
364 689 14
364 873 17
364 971 37
365 526 92
366 581 90
367 900 74
368 719 65
368 776 91
369 479 72
369 522 34
369 558 97
369 730 73
369 805 49
370 753 8
370 787 57
371 729 59
372 918 87
373 515 57
373 741 46
373 837 47
374 519 46
374 743 32
375 673 86
376 866 57
378 451 22
378 464 28
379 440 72
379 489 42
379 495 93
379 536 74
380 703 13
383 429 34
383 538 77
384 880 54
384 948 17
386 420 56
386 447 87
386 650 55
388 544 31
388 595 100
388 703 63
388 710 82
388 886 55
390 430 28
391 438 62
391 467 31
391 487 70
391 845 68
391 975 39
392 707 36
393 653 57
393 667 6
393 991 98
394 538 87
394 802 93
394 813 5
396 853 85
397 717 77
397 763 30
398 404 36
399 918 23
399 990 30
400 478 37
400 894 53
403 473 38
403 590 95
404 654 55
404 758 80
408 549 19
408 572 68
409 413 58
409 487 51
409 683 31
409 951 88
409 981 66
410 592 82
410 652 14
410 737 9
411 503 97
411 534 43
411 841 53
412 498 73
412 550 58
412 628 25
412 631 60
412 705 16
412 990 10
413 429 35
413 461 58
413 599 22
413 636 14
415 453 66
416 591 24
416 964 9
418 447 28
418 650 97
418 669 58
418 745 93
421 525 55
421 755 53
422 829 88
423 434 98
423 787 63
423 820 40
424 651 26
424 688 83
425 557 16
425 863 71
425 876 81
425 901 10
425 974 39
426 614 71
429 995 25
430 828 18
431 440 91
434 807 63
434 885 41
434 949 35
435 511 73
436 595 73
436 902 28
438 567 79
439 960 62
441 526 30
441 592 15
441 755 88
441 802 88
442 675 4
443 676 41
443 890 8
446 768 88
448 468 83
448 535 39
449 790 62
449 806 91
449 822 61
450 465 66
450 584 68
451 494 9
451 499 36
451 555 52
451 659 13
452 782 82
452 871 61
454 525 75
455 664 62
455 765 52
456 474 72
457 595 49
460 543 58
460 551 51
460 957 22
460 959 46
461 494 84
461 657 28
462 901 82
463 528 56
464 736 28
467 500 28
467 725 28
468 680 2
468 717 5
470 510 51
472 702 97
474 727 69
475 570 87
476 565 38
476 619 6
476 764 48
478 994 64
479 702 89
479 970 79
480 665 26
481 497 44
483 812 93
484 676 1
486 559 37
487 594 40
487 892 85
488 667 33
488 672 58
488 757 58
488 771 32
490 532 74
490 817 99
491 800 47
493 837 53
496 531 17
496 649 48
496 814 54
496 847 59
497 644 55
497 666 46
498 913 61
499 533 5
499 603 51
500 950 63
504 760 100
504 895 1
506 839 21
506 945 2
508 546 67
509 798 63
509 896 62
513 531 43
513 873 65
513 987 95
514 605 32
517 576 10
517 598 71
518 579 75
518 668 24
518 675 39
518 722 3
519 669 36
519 890 82
520 555 53
520 780 91
520 824 31
520 879 7
521 923 9
521 964 13
522 623 5
522 674 47
523 783 40
525 590 13
526 848 86
527 603 43
527 691 13
527 720 98
529 627 74
529 701 28
533 538 48
533 926 47
533 993 49
535 675 100
536 665 24
536 827 39
536 944 53
536 950 69
538 758 49
538 997 7
539 937 2
540 891 90
541 994 80
542 609 78
542 718 44
542 953 3
544 566 68
544 869 34
544 936 17
544 959 9
545 552 79
545 772 82
546 695 43
546 750 96
547 830 23
548 899 73
548 955 19
549 607 89
549 657 90
551 758 65
552 939 89
553 721 27
554 777 6
554 996 11
556 563 60
558 586 77
558 678 14
559 600 81
559 678 83
559 877 43
559 985 40
561 587 97
561 640 78
561 849 39
564 724 46
569 721 57
569 788 36
569 867 13
569 944 92
569 957 93
571 671 26
571 713 33
571 977 25
572 735 16
572 986 12
576 634 9
576 646 4
577 960 87
578 596 83
578 752 47
580 904 63
581 729 21
584 634 71
584 852 67
585 970 12
588 947 94
590 794 86
593 596 71
594 681 89
594 846 82
595 855 52
597 860 60
600 828 50
602 649 69
602 895 77
603 608 2
603 734 2
603 784 50
603 877 91
604 613 92
604 851 47
606 769 41
606 839 3
606 861 11
607 653 32
607 720 58
608 798 43
609 653 99
610 854 4
614 789 68
615 635 78
617 966 90
618 699 80
618 930 10
619 942 4
620 774 40
625 830 68
628 762 18
629 842 17
632 686 69
633 742 11
635 636 65
635 861 38
637 821 63
638 992 27
641 754 42
641 766 51
642 928 46
643 749 63
643 853 54
643 956 25
648 727 51
648 815 3
648 975 8
651 719 20
651 786 38
651 856 96
651 993 71
654 954 22
657 914 90
658 686 17
658 717 36
659 734 27
661 728 89
663 825 16
664 868 70
665 972 89
666 684 95
669 858 2
670 687 50
670 875 72
673 865 5
675 969 57
682 789 54
683 764 9
683 803 16
685 840 88
686 951 48
686 977 20
687 700 41
688 780 54
688 954 21
690 840 89
693 726 49
693 736 35
694 928 57
695 749 87
695 804 56
701 733 25
701 884 5
701 927 38
702 806 90
705 750 26
706 775 54
706 919 100
711 720 74
716 911 54
719 983 57
721 778 91
726 810 60
727 744 85
727 832 29
727 888 97
728 745 21
730 731 39
730 737 63
730 821 16
732 772 4
733 869 57
734 953 72
738 753 75
738 940 6
738 944 41
740 893 67
740 989 70
745 857 84
746 852 79
747 761 98
747 874 81
747 968 14
753 772 54
755 823 46
756 851 49
756 955 55
758 881 12
761 973 21
761 992 65
768 925 42
772 876 63
775 858 43
779 958 75
781 854 65
781 882 39
784 933 41
790 826 54
790 995 93
792 797 5
793 913 91
795 849 32
796 934 41
797 887 73
799 887 79
801 889 77
801 924 48
802 866 3
805 934 35
807 903 55
813 984 36
818 822 61
819 871 58
826 888 78
828 958 98
832 999 99
841 897 21
846 873 96
850 860 14
853 860 87
855 934 24
858 978 26
862 865 24
864 897 44
870 872 9
871 941 18
879 927 15
880 890 72
885 916 29
885 998 33
893 925 53
894 913 28
895 999 28
908 976 100
909 953 63
910 966 79
933 943 90
942 969 55
