1000 4993
0 232 93
0 299 94
0 354 39
0 392 79
0 418 98
0 557 45
0 582 87
0 687 99
0 725 15
0 754 12
0 788 51
0 807 35
0 899 64
0 990 88
1 20 75
1 95 37
1 145 64
1 637 46
1 778 37
1 861 25
2 50 26
2 157 65
2 277 36
2 394 32
2 397 30
2 422 88
2 546 17
2 759 34
2 790 99
2 887 22
3 111 9
3 134 54
3 181 61
3 187 28
3 387 54
3 400 65
3 411 99
3 472 39
3 507 20
3 620 82
3 625 55
3 650 75
3 687 39
3 703 78
3 758 17
3 786 52
3 824 58
3 921 37
4 68 74
4 75 39
4 164 66
4 335 80
4 393 30
4 430 61
4 566 71
4 638 24
4 737 33
4 779 26
4 885 96
4 939 20
5 47 73
5 239 1
5 273 70
5 327 53
5 333 79
5 387 78
5 458 73
5 480 83
5 566 29
5 587 8
5 668 68
5 759 30
5 869 76
5 913 17
6 28 17
6 48 28
6 342 97
6 422 48
6 432 24
6 590 33
6 741 2
6 944 50
7 53 70
7 211 99
7 261 18
7 315 3
7 316 31
7 467 56
7 504 69
7 954 59
8 94 85
8 259 77
8 367 77
8 390 62
8 462 92
8 518 78
8 541 5
8 606 24
8 645 29
8 814 48
8 926 1
8 978 69
8 986 68
9 142 28
9 349 71
9 490 80
9 619 8
9 747 10
9 972 46
9 980 47
9 993 99
10 19 91
10 20 23
10 71 25
10 80 27
10 137 91
10 375 69
10 499 78
10 759 39
10 896 38
11 26 53
11 71 42
11 73 13
11 112 35
11 272 19
11 389 46
11 421 18
11 646 61
11 664 6
11 667 76
11 966 46
12 39 10
12 45 67
12 55 90
12 130 96
12 261 64
12 461 39
12 465 68
12 641 70
12 736 76
12 940 82
12 985 64
13 77 85
13 152 14
13 252 98
13 269 54
13 298 44
13 380 88
13 483 11
13 503 24
13 721 11
13 823 26
13 884 64
13 893 53
13 937 90
13 942 90
14 203 51
14 451 86
14 491 29
14 647 82
14 697 61
14 727 72
14 739 31
14 788 85
14 790 29
14 823 11
14 951 68
14 961 85
15 340 59
15 456 55
15 477 57
16 61 91
16 223 77
16 422 42
16 798 68
17 25 30
17 78 58
17 126 94
17 151 76
17 272 47
17 307 85
17 397 73
17 414 68
17 476 26
17 538 90
17 709 26
17 791 99
17 817 66
17 823 88
17 850 50
17 876 94
17 979 87
18 104 37
18 172 8
18 229 58
18 251 17
18 279 42
18 603 11
18 640 82
18 744 23
18 939 81
18 942 20
18 949 62
19 343 97
19 615 19
19 630 35
19 755 26
20 275 61
20 292 100
20 472 66
20 633 57
20 643 75
20 695 4
20 757 61
20 783 57
20 834 86
20 867 9
20 932 56
21 48 19
21 65 14
21 252 59
21 262 20
21 275 51
21 416 99
21 482 91
21 527 26
21 821 19
21 917 19
22 112 81
22 317 17
22 367 15
22 505 66
22 637 86
22 741 79
22 817 17
22 997 80
23 81 72
23 92 45
23 113 45
23 127 39
23 196 9
23 204 90
23 282 82
23 327 73
23 345 65
23 469 5
23 488 37
23 715 2
23 867 83
24 27 84
24 40 64
24 61 66
24 235 84
24 243 2
24 364 49
24 509 94
24 698 25
25 31 35
25 222 79
25 382 69
25 490 47
25 730 44
25 854 56
26 104 7
26 213 15
26 233 83
26 234 28
26 270 57
26 310 21
26 426 85
26 527 18
26 744 69
26 825 77
26 914 94
27 114 94
27 166 95
27 481 96
27 694 41
28 580 94
28 675 33
28 690 53
28 700 79
28 761 10
28 895 74
29 95 50
29 170 4
29 314 72
29 360 90
29 396 79
29 569 27
29 722 52
29 878 47
30 135 91
30 391 11
30 415 59
30 471 41
30 492 98
30 546 50
30 560 92
30 616 17
30 701 48
30 849 62
30 997 73
31 37 18
31 93 81
31 124 63
31 225 62
31 326 80
31 342 68
31 422 33
31 566 96
31 578 77
31 588 54
31 603 7
31 744 84
31 797 72
31 801 84
32 233 73
32 237 90
32 365 60
32 544 14
32 702 7
32 709 54
32 902 85
33 42 96
33 161 30
33 202 99
33 223 34
33 250 22
33 332 5
33 493 92
33 536 81
33 566 80
33 635 68
33 785 40
33 794 63
33 995 25
34 46 25
34 149 59
34 150 29
34 373 70
34 457 22
34 513 3
34 672 66
34 686 19
34 704 15
34 816 96
34 820 69
34 893 94
34 915 27
35 88 13
35 262 75
35 375 89
35 423 73
35 460 61
35 505 51
35 598 5
35 611 38
35 656 20
35 691 44
35 703 58
35 783 31
35 859 57
36 61 23
36 63 75
36 76 13
36 126 17
36 154 56
36 264 68
36 321 46
36 539 63
36 676 64
36 695 34
36 720 61
36 779 36
36 931 17
37 108 45
37 267 51
37 407 31
37 510 35
37 564 62
37 621 24
37 730 54
37 824 78
37 969 40
38 232 97
38 245 12
38 277 38
38 393 28
38 630 48
38 688 29
38 761 29
38 769 8
39 96 13
39 337 74
39 349 29
39 518 57
39 555 5
39 671 36
39 768 95
39 859 79
39 880 35
40 88 9
40 205 30
40 250 96
40 375 42
40 443 65
40 458 90
40 590 32
40 606 24
40 687 20
40 709 46
40 758 90
40 786 100
40 930 15
41 88 91
41 166 3
41 439 66
41 536 67
41 727 30
41 954 29
42 191 2
42 200 22
42 502 97
42 682 97
42 709 99
42 818 44
42 865 46
42 914 70
43 49 99
43 153 57
43 214 89
43 242 76
43 269 4
43 390 5
43 440 67
43 853 51
43 876 10
43 916 50
43 954 2
43 976 63
43 981 41
44 116 22
44 132 15
44 175 59
44 181 86
44 202 73
44 340 98
44 351 7
44 371 11
44 418 32
44 456 86
44 725 12
44 834 53
45 200 92
45 447 98
45 512 60
45 530 14
45 817 49
45 859 100
46 102 99
46 259 65
46 431 20
46 502 59
46 860 7
46 978 66
46 992 99
47 231 25
47 233 15
47 326 32
47 359 24
47 399 48
47 513 26
47 632 1
47 844 52
47 872 79
47 883 63
47 915 61
47 939 97
48 76 14
48 249 86
48 420 7
48 528 23
48 600 85
49 128 46
49 142 71
49 209 50
49 302 23
49 376 10
49 491 36
49 561 19
49 592 75
50 147 93
50 280 58
50 379 80
50 537 23
50 580 96
50 624 82
50 668 90
50 820 100
50 858 21
51 125 31
51 133 85
51 149 36
51 228 75
51 311 6
51 373 34
51 419 68
51 514 33
51 546 89
51 565 73
51 671 59
52 56 27
52 81 66
52 101 88
52 200 47
52 402 10
52 464 75
52 514 15
52 552 69
52 581 48
53 61 61
53 141 3
53 454 79
53 457 94
53 466 13
53 696 44
53 738 67
53 931 55
53 938 53
54 213 50
54 274 88
54 381 22
54 424 84
54 513 24
54 544 73
54 637 27
54 643 80
54 768 6
54 873 43
54 981 44
55 56 53
55 59 53
55 90 58
55 206 23
55 298 23
55 330 85
55 346 37
55 391 1
55 420 20
55 708 6
55 712 76
55 741 70
55 743 43
55 747 63
55 792 14
55 837 46
55 865 2
55 963 8
56 228 71
56 362 75
56 553 36
56 606 42
56 639 91
56 715 51
56 788 59
56 832 96
57 400 75
57 441 95
57 468 14
57 596 40
57 766 25
57 945 5
57 977 98
58 60 71
58 86 48
58 263 51
58 290 14
58 359 22
58 649 56
58 657 37
58 701 57
58 710 66
58 716 46
58 784 83
58 804 71
58 880 1
58 975 58
59 64 12
59 250 1
59 427 25
59 435 10
59 467 82
59 683 74
59 760 23
59 789 69
60 158 76
60 259 36
60 451 44
60 520 61
60 599 5
60 619 4
60 688 54
60 764 11
60 908 56
60 976 7
61 314 4
61 350 82
61 357 28
61 381 56
61 961 59
62 70 44
62 80 50
62 151 30
62 215 72
62 227 69
62 377 49
62 412 14
62 558 29
62 577 61
62 645 19
62 713 71
62 738 63
62 943 7
63 85 68
63 160 34
63 391 65
63 459 89
63 720 62
63 778 23
63 865 96
63 954 31
64 132 69
64 198 27
64 203 96
64 214 2
64 223 90
64 386 73
64 417 56
64 585 47
64 688 8
64 816 9
65 108 72
65 170 82
65 184 97
65 191 25
65 233 1
65 429 38
65 501 85
65 538 21
65 594 33
65 676 9
65 711 32
65 734 72
65 741 7
65 752 97
65 805 54
66 160 73
66 168 25
66 220 43
66 441 59
66 598 20
66 654 71
66 710 78
66 960 59
67 141 15
67 167 65
67 201 63
67 237 14
67 377 11
67 606 2
67 787 20
68 114 98
68 315 90
68 487 73
68 596 64
68 868 18
68 893 76
68 908 99
69 188 31
69 498 83
69 515 42
69 517 90
69 606 93
69 672 43
69 696 23
69 733 19
70 114 92
70 161 100
70 186 90
70 328 97
70 512 84
70 583 34
70 587 90
70 588 19
70 697 41
70 805 58
70 817 76
70 830 40
70 907 17
70 910 26
70 967 53
71 101 27
71 106 71
71 297 73
71 413 82
71 449 35
71 469 94
71 484 5
71 568 83
71 617 33
71 835 60
71 852 19
72 422 76
72 494 64
72 678 7
72 688 27
72 723 36
72 734 6
73 237 34
73 251 80
73 372 72
73 517 47
73 627 22
73 637 72
73 644 93
73 739 92
73 804 34
73 947 59
74 122 29
74 140 58
74 394 29
74 403 93
74 520 15
74 585 53
74 892 32
75 87 7
75 164 19
75 299 24
75 312 100
75 641 35
75 658 37
75 772 70
75 918 68
76 326 70
76 431 75
76 819 77
76 967 100
76 968 65
76 988 74
76 997 11
77 335 14
77 593 71
77 596 18
77 667 42
77 787 13
77 830 97
77 878 56
77 937 39
78 83 2
78 752 7
78 955 38
79 109 58
79 129 90
79 133 47
79 163 38
79 252 18
79 354 64
79 587 90
79 843 82
79 849 65
79 880 6
79 911 18
80 241 52
80 303 40
80 444 99
80 494 49
80 515 70
80 528 19
80 568 28
80 641 94
80 736 24
80 850 29
80 919 82
80 978 20
81 130 24
81 157 69
81 325 71
81 334 67
81 349 93
81 391 61
81 483 5
81 551 9
81 604 8
81 693 52
81 735 19
81 798 5
81 848 84
82 103 42
82 208 28
82 251 7
82 282 54
82 356 24
82 482 37
82 502 12
82 597 18
82 684 57
82 695 75
82 979 34
83 181 82
83 191 78
83 265 55
83 315 35
83 525 94
83 757 50
83 928 96
84 174 29
84 250 76
84 348 75
84 413 20
84 476 70
84 540 93
84 704 76
84 712 28
84 745 5
84 886 49
85 310 4
85 335 63
85 369 18
85 466 34
85 619 49
85 701 24
85 735 10
85 893 95
86 239 64
86 578 69
86 583 34
86 587 100
87 242 19
87 429 43
87 462 4
87 478 48
87 574 26
87 663 98
87 744 32
87 909 49
88 204 6
88 368 92
88 664 32
88 805 11
88 914 73
89 569 62
89 613 65
89 649 18
89 830 28
90 121 94
90 183 82
90 204 61
90 259 53
90 339 37
90 357 15
90 419 1
90 432 95
90 441 34
90 518 6
90 542 48
90 648 88
90 711 27
90 775 91
91 185 11
91 471 16
92 99 39
92 113 14
92 168 72
92 257 11
92 354 72
92 455 27
92 666 72
92 719 83
92 753 17
92 803 61
92 855 19
92 905 21
92 999 1
93 178 53
93 206 24
93 243 34
93 276 6
93 302 86
93 516 92
93 711 35
93 886 45
94 393 49
94 442 74
94 592 9
94 641 72
95 200 72
95 219 94
95 250 72
95 521 15
95 566 68
95 630 1
95 815 1
95 883 36
95 904 80
96 219 72
96 229 66
96 261 68
96 355 32
96 497 52
96 532 10
96 549 54
96 552 1
96 693 79
96 702 95
96 707 22
96 800 99
97 289 11
97 416 87
97 695 13
97 892 57
98 108 18
98 268 27
98 339 89
98 366 34
98 432 44
98 507 20
98 689 6
98 762 23
99 144 86
99 484 32
99 551 4
99 621 5
99 730 19
99 922 4
99 964 53
100 130 17
100 134 38
100 182 4
100 382 93
100 613 85
100 759 73
100 777 34
100 949 95
101 294 3
101 533 6
101 578 50
101 724 3
101 743 26
101 807 69
102 139 68
102 360 10
102 508 45
102 568 22
102 791 54
102 815 68
102 930 83
103 204 47
103 248 88
103 291 57
103 372 43
103 591 85
103 592 83
103 614 91
103 671 78
103 746 53
103 760 93
103 768 23
103 886 28
104 116 64
104 140 11
104 172 56
104 298 82
104 316 82
104 383 66
104 572 10
104 612 98
104 889 4
104 939 82
105 143 43
105 147 72
105 151 84
105 188 26
105 263 83
105 264 42
105 392 96
105 483 18
105 771 95
105 971 36
106 169 54
106 190 2
106 761 83
107 142 42
107 146 84
107 253 72
107 353 91
107 369 3
107 379 52
107 476 78
107 640 73
107 665 18
107 746 48
107 789 42
107 923 96
107 953 17
107 987 25
108 185 29
108 201 50
108 333 73
108 386 46
108 446 52
108 817 69
109 116 18
109 171 67
109 197 66
109 647 44
109 677 56
109 730 17
109 871 76
109 894 54
109 984 87
110 117 35
110 192 49
110 196 95
110 214 5
110 222 95
110 329 15
110 340 57
110 616 21
110 652 76
110 666 72
110 877 61
110 969 12
111 121 62
111 134 33
111 141 75
111 175 24
111 255 98
111 285 57
111 355 25
111 410 9
111 453 45
111 455 14
111 460 1
111 482 80
111 775 67
111 795 26
111 980 65
112 113 66
112 252 80
112 381 3
112 601 24
112 733 88
112 917 73
113 292 99
113 437 10
113 473 63
113 538 33
113 648 84
113 699 99
113 714 2
113 814 72
113 827 21
113 852 98
113 888 72
114 143 74
114 268 76
114 413 95
114 466 94
114 597 86
114 609 11
114 617 48
114 668 72
114 684 21
114 793 30
114 825 18
114 893 32
115 322 65
115 370 92
115 502 45
115 747 92
115 749 93
115 802 39
115 847 24
115 850 85
116 317 55
116 478 84
116 497 76
116 508 52
116 518 19
116 541 29
116 624 53
116 625 64
116 684 74
116 705 64
116 812 49
116 966 40
117 130 55
117 198 37
117 355 40
117 692 46
117 714 90
117 733 83
117 749 20
117 794 90
117 846 67
117 908 60
117 914 79
117 959 47
117 972 96
118 159 25
118 163 75
118 251 78
118 264 82
118 340 18
118 520 21
118 779 97
118 790 88
118 794 65
118 801 60
118 951 83
118 972 55
118 982 49
119 198 67
119 438 90
119 465 95
119 761 24
119 764 65
119 774 95
119 775 33
119 911 69
119 987 50
120 147 22
120 151 66
120 411 18
120 665 43
120 708 86
121 337 65
121 351 95
121 355 42
121 360 32
121 430 63
121 432 57
121 567 89
121 589 8
121 666 60
121 678 85
121 712 12
121 734 97
121 790 26
121 805 86
121 932 46
121 958 42
122 205 54
122 324 2
122 344 78
122 387 100
122 407 91
122 512 52
122 579 77
122 908 51
123 129 14
123 207 50
123 461 54
123 595 5
123 699 82
123 781 68
123 806 48
123 867 54
123 944 43
124 168 85
124 186 67
124 423 96
124 435 61
124 470 30
124 499 59
124 601 100
124 613 35
124 691 20
124 700 74
124 766 65
124 943 63
124 969 27
124 973 53
125 231 58
125 275 6
125 312 79
125 420 3
125 608 34
125 631 7
125 644 83
125 680 100
125 710 81
125 803 54
125 880 38
126 206 37
126 227 38
126 238 95
126 622 10
126 690 92
127 236 39
127 238 19
127 282 35
127 283 87
127 331 28
127 706 32
127 775 64
127 901 75
127 944 33
127 959 48
128 354 51
128 380 39
128 451 34
128 654 74
128 701 91
128 711 46
129 255 41
129 311 26
129 346 7
129 635 90
129 644 84
129 654 69
129 676 47
129 821 100
129 941 1
129 947 46
130 434 16
130 521 21
130 671 21
130 731 6
130 754 1
130 894 11
131 295 67
131 347 66
131 398 39
131 458 45
131 600 60
131 650 37
131 729 21
131 782 61
131 796 31
131 809 17
131 812 26
131 821 5
131 905 95
131 968 17
132 209 75
132 286 20
132 346 32
132 411 59
132 461 99
132 476 62
132 545 18
132 559 42
133 205 41
133 227 45
133 262 92
133 273 36
133 277 64
133 425 7
133 524 77
133 782 1
134 178 64
134 212 21
134 223 2
134 355 36
134 582 47
134 617 63
134 719 69
134 846 60
134 993 4
135 168 1
135 215 61
135 249 30
135 306 21
135 389 68
135 601 43
135 616 30
135 743 63
135 783 12
135 807 48
135 897 57
136 341 40
136 433 51
136 447 18
136 462 63
136 471 100
136 545 12
136 680 71
136 751 94
136 811 52
136 874 57
136 875 51
136 895 95
136 995 3
137 236 60
137 399 46
137 579 22
137 619 83
137 641 18
137 812 17
137 818 29
137 849 31
137 879 12
138 344 25
138 586 94
138 613 8
138 815 14
139 155 73
139 415 33
139 426 57
139 483 13
139 493 54
139 563 51
139 601 11
139 816 29
139 879 29
139 952 99
140 144 88
140 175 64
140 230 44
140 296 89
140 463 57
140 528 94
140 561 62
140 573 13
140 790 100
140 804 1
140 894 80
140 903 53
140 933 89
140 973 64
141 168 78
141 231 99
141 246 2
141 302 14
141 562 96
141 728 51
141 734 16
141 792 100
141 903 35
142 153 18
142 322 13
142 479 19
142 582 13
142 605 69
142 766 33
142 778 10
142 817 16
142 846 75
142 963 63
143 162 71
143 307 74
143 313 41
143 414 55
143 605 60
143 665 1
143 834 10
143 835 21
143 924 46
144 154 55
144 202 98
144 209 63
144 365 19
144 373 86
144 432 98
144 473 41
144 779 34
144 820 77
144 903 17
144 957 84
144 993 69
145 375 4
145 386 8
145 558 20
145 609 82
145 663 69
145 755 27
145 804 55
145 839 69
145 868 77
145 892 67
146 223 53
146 396 69
146 581 95
146 648 22
146 717 20
146 846 5
146 852 92
147 150 71
147 514 55
147 564 75
147 631 55
147 928 30
147 944 59
147 978 30
148 281 56
148 319 39
148 329 71
148 383 62
148 400 55
148 716 25
148 859 16
149 338 66
149 452 21
149 504 90
149 589 56
149 636 61
149 747 93
150 164 57
150 287 59
150 355 78
150 392 52
150 617 31
150 625 58
150 698 64
150 730 68
150 733 10
150 846 75
150 889 28
150 937 44
151 172 45
151 258 40
151 387 23
151 446 94
151 617 22
151 882 20
151 885 87
151 959 44
152 205 21
152 406 52
152 418 10
152 623 86
152 658 89
152 697 49
152 736 11
152 756 56
152 817 78
152 861 81
153 394 73
153 464 96
153 736 5
153 808 49
153 851 2
153 920 52
153 997 37
154 478 19
154 492 58
154 574 87
154 588 25
154 797 6
154 899 23
154 926 73
154 996 88
155 217 79
155 287 17
155 351 54
155 545 2
155 569 31
155 599 63
155 739 26
155 881 56
155 950 35
155 988 5
156 209 25
156 371 69
156 417 93
156 432 67
156 492 45
156 780 26
156 998 28
157 406 45
157 479 30
157 491 49
157 557 37
157 606 77
157 630 51
157 691 61
157 741 64
158 462 82
158 669 35
158 741 75
158 769 83
158 834 1
159 254 76
159 282 83
159 424 93
159 515 95
159 532 46
159 546 23
159 727 77
159 734 71
159 752 64
159 774 81
159 910 63
159 948 31
159 974 28
160 174 95
160 233 97
160 242 35
160 368 52
160 380 50
160 417 51
160 524 19
160 588 42
160 875 5
160 882 88
161 167 36
161 253 59
161 366 72
161 495 67
161 597 74
161 621 74
161 636 89
161 885 81
161 965 18
162 251 24
162 350 5
162 386 14
162 515 81
162 551 11
162 638 89
162 648 27
162 664 68
163 175 77
163 185 40
163 220 52
163 418 45
163 612 2
163 664 82
163 726 56
164 250 90
164 272 69
164 311 73
164 400 19
164 480 51
164 573 97
164 703 38
164 839 67
164 913 25
164 986 1
165 268 68
165 358 29
165 412 48
165 620 27
165 730 42
165 735 24
165 885 26
166 411 67
166 458 59
166 468 69
166 679 61
166 806 71
166 849 47
167 168 59
167 182 10
167 214 75
167 334 13
167 355 94
167 377 89
167 380 47
167 403 25
167 464 15
167 468 55
167 640 80
167 673 40
167 984 45
168 222 69
168 355 76
168 459 75
168 562 43
168 614 27
168 647 95
168 691 29
168 701 79
168 856 69
168 939 43
168 949 13
169 302 45
169 495 94
169 509 90
169 512 88
169 607 34
169 621 60
169 792 37
169 809 7
169 979 63
170 246 86
170 474 27
170 488 53
170 620 83
170 623 25
170 663 98
170 732 58
170 827 6
170 844 1
170 858 15
171 199 91
171 205 92
171 265 25
171 392 46
171 412 26
171 656 89
171 828 60
171 904 58
172 203 45
172 270 36
172 299 36
172 322 42
172 337 38
172 341 62
172 509 76
172 554 92
172 567 28
172 577 63
172 678 65
172 701 80
172 738 77
173 195 98
173 255 63
173 308 62
173 379 58
173 381 65
173 443 12
173 643 75
173 667 24
173 720 99
173 815 84
173 881 35
173 908 47
173 915 22
174 404 81
174 449 22
174 622 42
174 780 90
174 890 73
174 929 25
175 250 39
175 309 73
175 436 66
175 542 20
175 581 42
175 655 66
175 670 28
175 875 13
175 914 37
175 985 83
176 188 19
176 254 62
176 443 81
176 655 85
176 888 45
176 902 14
176 934 77
177 194 77
177 235 3
177 281 79
177 408 85
177 413 88
177 457 2
177 533 88
177 670 41
177 764 3
177 977 50
177 978 76
177 995 22
178 312 21
178 317 20
178 547 25
178 908 87
178 936 17
179 235 21
179 313 57
179 353 64
179 354 82
179 496 55
179 584 3
179 588 89
179 616 25
179 807 7
180 551 63
180 605 64
180 628 69
180 797 65
180 863 100
181 207 83
181 210 65
181 292 16
181 310 14
181 379 27
181 493 41
181 510 70
181 515 1
181 656 91
181 775 40
181 812 32
181 872 45
182 371 65
182 424 25
182 537 20
182 793 13
182 864 27
183 240 53
183 437 10
183 488 77
183 550 75
183 590 63
183 642 91
183 805 37
183 832 31
183 909 98
184 291 78
184 324 62
184 394 52
184 461 81
184 656 9
184 705 21
184 732 22
184 787 52
184 813 79
184 901 5
184 926 6
185 219 33
185 391 16
185 486 67
185 552 68
185 820 42
185 911 48
185 950 89
186 189 31
186 324 18
186 384 70
186 386 76
186 400 7
186 490 57
186 664 41
186 925 33
187 331 91
187 444 82
187 587 37
187 843 50
187 877 61
187 943 87
187 950 5
188 326 45
188 391 60
188 623 57
189 195 38
189 205 22
189 291 7
189 412 40
189 625 37
189 730 100
189 790 40
189 902 23
189 921 38
190 302 74
190 738 56
190 885 59
190 900 73
191 524 77
191 543 57
191 590 100
191 598 11
191 599 78
191 652 15
191 755 63
191 766 80
191 784 67
191 843 62
191 883 25
191 912 57
192 197 42
192 217 38
192 323 46
192 419 7
192 680 83
192 786 15
192 854 57
192 944 27
193 545 64
193 650 83
193 717 22
193 797 16
193 823 68
193 925 99
193 938 90
194 218 35
194 299 68
194 303 25
194 378 99
194 418 80
194 509 87
194 529 64
194 532 72
194 543 6
194 680 39
194 810 27
194 829 73
195 242 90
195 405 8
195 418 8
195 422 36
195 640 39
195 649 31
195 674 26
195 720 84
196 210 92
196 308 25
196 501 44
196 549 88
196 629 33
196 643 27
196 713 42
196 800 51
196 977 32
197 199 62
197 202 36
197 305 62
197 507 82
197 592 85
197 704 54
197 724 91
197 757 32
197 894 62
198 259 98
198 358 80
198 499 88
198 547 35
198 627 48
198 969 98
198 982 60
199 348 88
199 553 39
199 716 2
199 726 9
199 760 51
199 828 39
200 268 59
200 344 20
200 697 80
200 713 29
200 882 62
200 889 69
200 935 47
201 509 27
201 568 54
202 312 73
202 499 87
202 693 68
202 696 12
202 704 57
202 870 16
202 917 72
202 974 72
202 999 10
203 223 38
203 258 10
203 392 37
203 493 29
203 553 65
203 655 25
203 795 48
203 871 32
203 886 25
204 231 32
204 559 22
204 579 9
204 594 44
204 738 5
204 963 4
205 497 31
205 571 85
205 633 45
205 791 56
206 368 70
206 373 47
206 509 98
206 609 99
206 683 88
206 919 95
206 970 95
207 220 97
207 251 63
207 577 76
207 607 74
207 720 56
207 753 44
207 763 74
207 936 21
207 952 71
208 228 40
208 325 93
208 328 41
208 461 37
208 652 92
208 796 41
208 821 25
208 869 50
209 215 44
209 346 93
209 454 98
209 477 17
209 500 15
209 514 18
209 544 11
209 606 23
209 845 64
209 892 5
210 393 43
210 430 42
210 490 24
210 608 37
210 728 59
210 735 41
210 787 1
210 870 72
211 378 6
211 409 82
211 594 2
211 614 65
211 659 56
211 742 96
211 746 30
211 763 82
211 794 87
211 812 1
211 862 82
212 275 9
212 304 39
212 470 94
212 524 57
212 563 14
212 785 29
212 793 92
212 828 46
212 872 55
213 319 21
213 405 98
213 437 69
213 443 93
213 634 73
213 831 20
213 839 27
213 951 92
213 966 62
214 244 86
214 267 31
214 280 36
214 358 84
214 370 91
214 413 22
214 635 50
214 758 10
214 963 8
215 218 27
215 640 82
215 998 66
216 231 71
216 296 53
216 977 21
217 923 71
217 970 20
218 223 15
218 583 56
218 663 84
218 818 19
219 303 23
219 339 11
219 350 2
219 418 63
219 444 89
219 528 83
219 560 44
219 597 15
219 605 28
219 712 3
220 469 65
220 512 79
220 583 27
220 670 80
220 769 67
220 858 33
221 224 80
221 488 45
221 512 13
221 519 13
221 531 70
221 551 14
221 653 95
221 677 4
221 729 34
221 748 45
221 787 17
221 866 48
221 875 50
221 919 41
221 939 35
221 943 64
221 945 70
221 964 23
221 975 33
222 280 61
222 282 92
222 341 85
222 401 95
222 416 97
222 562 23
222 793 46
222 888 98
222 978 21
223 434 97
223 657 90
224 265 25
224 588 48
224 667 51
224 671 50
224 757 58
224 866 70
225 372 73
225 448 97
225 565 46
225 607 84
225 611 19
225 649 50
225 772 38
225 942 25
226 609 17
226 662 61
226 680 52
226 960 73
226 971 22
227 398 32
227 493 77
227 519 37
227 681 25
227 698 13
228 350 6
228 392 85
228 434 17
228 514 65
228 577 35
228 769 94
228 983 46
229 292 10
229 294 59
229 472 27
229 662 12
229 708 39
229 765 25
230 245 13
230 562 37
230 609 50
230 627 96
230 646 57
230 681 34
230 736 91
230 764 51
230 845 88
230 913 16
230 937 9
231 283 69
231 404 82
231 526 55
231 532 28
231 536 26
231 862 99
231 885 1
231 929 68
231 984 74
232 987 75
232 998 49
233 252 96
233 297 29
233 383 35
233 474 87
233 616 34
233 687 14
234 309 93
234 318 65
234 400 66
234 405 54
234 438 3
234 469 35
234 502 14
234 541 2
234 573 21
234 579 37
234 694 57
234 819 6
234 866 42
234 875 27
234 955 37
235 283 66
235 373 21
235 475 98
235 608 88
235 708 47
235 842 22
235 879 78
235 900 86
236 297 38
236 470 52
236 538 60
236 544 53
236 553 60
236 587 24
236 676 32
236 735 91
237 243 32
237 312 6
237 407 44
237 430 39
237 434 34
237 604 14
237 671 26
237 678 25
237 899 93
237 933 9
238 287 55
238 386 76
238 422 20
238 443 55
238 605 80
238 609 42
238 743 68
238 785 23
238 892 29
238 928 56
239 310 39
239 746 21
239 847 3
239 880 37
239 917 48
239 932 40
240 305 2
240 942 37
241 326 2
241 368 44
241 578 44
241 620 75
241 648 32
241 706 57
241 725 25
241 846 56
241 858 97
242 246 80
242 430 85
242 466 42
242 565 58
242 604 81
242 735 100
242 811 14
242 827 73
243 252 34
243 356 2
243 430 16
243 466 42
243 467 44
243 501 19
243 758 13
243 864 58
244 312 9
244 434 65
244 536 54
244 743 50
244 824 40
244 967 90
244 987 12
245 309 89
245 396 25
245 485 99
245 624 63
245 894 99
245 940 58
245 969 74
246 271 16
246 284 69
246 374 57
246 438 22
246 496 41
246 751 15
246 781 2
246 836 32
246 901 70
246 980 41
247 268 7
247 428 21
247 673 67
247 762 70
247 858 52
248 276 16
248 331 87
248 420 28
248 443 89
248 471 94
248 718 59
248 732 73
248 920 87
249 280 53
249 369 63
249 467 86
249 523 35
249 674 60
249 796 14
249 935 65
249 949 22
249 972 54
250 345 78
250 437 66
250 442 95
250 488 80
250 652 90
250 734 2
250 782 19
250 802 25
250 976 52
251 335 52
251 518 42
251 715 27
251 787 75
251 804 76
251 920 68
251 947 57
252 314 61
252 446 89
252 457 11
252 503 2
252 536 12
252 608 18
252 621 3
252 693 20
252 844 87
252 864 70
252 925 43
253 325 80
253 369 62
253 473 24
253 721 74
253 811 52
253 906 5
254 648 43
254 737 76
254 886 29
255 267 15
255 331 49
255 487 50
255 556 46
255 687 44
255 998 13
256 345 39
256 716 38
256 895 16
256 971 19
257 788 98
257 798 12
257 850 22
257 871 28
257 917 96
257 963 25
257 980 18
258 367 41
258 460 99
258 653 68
258 674 84
258 759 76
258 997 39
259 316 14
259 444 83
259 585 23
259 669 34
259 687 34
259 690 68
259 702 43
259 739 56
259 798 45
259 835 35
259 868 65
259 870 57
259 899 10
259 950 41
260 470 62
260 637 47
260 745 75
260 777 90
260 893 90
260 941 30
261 474 34
261 528 67
261 595 71
261 750 85
261 804 5
261 990 3
262 592 74
262 606 68
262 642 51
262 751 20
262 754 20
262 810 23
262 928 60
262 946 34
262 987 54
263 420 7
263 470 36
263 568 2
263 942 69
263 963 44
264 325 22
264 347 29
264 430 76
264 481 29
264 939 39
264 959 31
265 483 65
265 488 86
265 514 94
265 539 49
265 590 75
265 638 35
265 666 91
265 754 46
265 880 33
265 964 67
266 309 76
266 506 29
266 518 95
266 561 24
266 710 1
266 748 83
266 955 11
267 328 27
267 415 95
267 645 24
267 807 79
267 845 57
267 853 97
267 876 39
267 910 5
268 804 99
268 818 61
268 929 43
269 298 66
269 306 37
269 343 29
269 380 74
269 420 13
269 422 18
269 453 36
269 462 54
269 568 44
269 747 95
269 814 64
269 900 70
269 925 93
270 437 92
270 553 72
270 649 48
270 765 97
270 812 11
270 880 74
270 884 29
271 458 4
271 651 63
271 899 59
271 933 45
272 314 85
272 374 88
272 547 19
272 768 73
272 775 52
272 835 28
272 848 43
272 927 43
273 289 49
273 293 7
273 666 87
273 904 78
273 942 94
274 579 1
274 600 88
274 648 74
274 658 43
274 675 2
274 853 43
274 997 81
275 371 8
275 538 96
275 580 99
275 625 46
275 744 87
275 831 38
275 837 54
275 888 97
275 970 25
276 430 82
276 442 57
276 455 30
276 464 63
276 531 81
276 687 46
276 736 45
276 884 99
276 980 44
277 300 3
277 416 83
277 668 95
277 734 59
277 885 91
278 414 71
278 541 35
278 659 98
278 727 48
278 754 88
278 805 34
278 822 88
279 325 4
279 357 52
279 434 73
279 636 80
279 676 58
279 736 67
279 834 71
279 971 36
280 374 89
280 486 99
280 505 91
280 814 76
280 868 1
280 975 92
281 294 17
281 305 22
281 487 59
281 531 5
281 782 18
282 563 9
282 725 41
282 857 55
283 367 70
283 415 37
283 450 29
283 557 46
283 664 99
283 694 9
283 822 3
283 824 6
283 890 28
284 302 78
284 378 21
284 392 48
284 544 73
284 610 14
284 674 51
284 807 86
284 810 24
284 982 81
285 310 63
285 369 47
285 410 89
285 494 20
286 351 5
286 367 68
286 373 53
286 398 79
286 529 74
286 544 48
286 716 2
286 789 91
286 791 43
286 900 83
286 919 69
287 336 21
287 362 23
287 374 99
287 455 34
287 464 67
287 469 45
287 610 9
287 699 55
287 802 4
287 807 14
287 829 90
287 834 88
287 854 12
287 884 12
288 513 52
288 520 22
288 625 1
288 682 61
288 993 85
289 329 30
289 365 15
289 439 21
289 646 80
289 696 20
289 704 10
289 708 100
289 758 25
290 335 47
290 441 51
290 477 5
290 516 88
290 677 63
290 729 70
290 975 63
291 386 98
291 410 11
291 481 47
291 575 38
291 719 65
291 830 90
292 379 60
292 396 64
292 450 10
292 487 8
292 911 7
292 956 4
293 412 77
293 519 45
293 958 40
294 355 14
294 383 62
294 561 69
294 570 85
294 635 40
294 687 9
294 721 96
294 734 71
294 753 10
294 820 41
295 304 68
295 786 15
295 914 19
296 418 33
296 457 26
296 536 63
296 632 41
296 858 80
296 945 36
297 326 43
297 365 16
297 377 89
297 398 18
297 516 85
297 530 21
297 586 62
297 588 28
297 631 70
297 731 50
297 782 2
297 886 46
297 959 69
298 370 76
298 379 71
298 583 92
298 596 67
298 630 23
298 885 50
299 591 100
299 620 82
299 733 75
299 775 49
299 905 74
299 914 9
299 959 38
300 337 47
300 688 67
300 890 59
300 917 58
300 933 54
300 951 39
300 983 84
301 482 68
301 608 5
301 612 69
301 649 23
301 652 21
301 754 100
301 833 32
301 904 18
301 907 35
301 975 75
301 999 76
302 313 58
302 587 95
302 804 99
302 848 87
302 890 68
303 348 46
303 440 45
303 515 68
303 660 62
303 726 88
303 806 97
303 931 70
304 584 70
304 600 62
304 608 20
304 790 40
304 899 21
305 415 54
305 531 12
305 562 74
305 565 96
305 786 9
305 800 62
305 801 58
305 847 80
306 329 92
306 335 53
306 343 69
306 365 45
306 417 74
306 595 40
306 731 45
306 742 83
306 873 25
306 885 44
306 975 86
306 989 94
307 320 47
307 434 87
307 437 82
307 588 50
307 603 74
307 725 68
307 815 17
308 363 30
308 428 52
308 444 88
308 475 77
308 530 34
308 820 43
308 875 2
308 965 25
308 985 19
309 438 35
309 445 58
309 475 17
309 604 55
309 672 35
309 743 94
309 824 93
309 886 96
309 989 37
309 997 27
310 335 12
310 349 5
310 400 30
310 557 33
310 741 18
311 353 100
311 447 73
311 462 49
311 587 16
311 639 81
311 875 91
311 935 66
311 969 65
312 381 70
312 407 10
312 429 16
312 483 87
312 799 38
312 813 75
312 953 93
313 453 100
313 866 37
313 958 37
314 371 14
314 427 6
314 535 7
314 829 19
314 836 86
315 326 100
315 373 2
315 438 11
315 480 91
315 508 85
315 517 73
315 527 5
315 586 76
315 653 21
315 675 13
315 836 5
315 965 94
316 348 49
316 370 53
316 425 93
316 438 79
316 524 43
316 568 55
316 577 69
316 857 99
316 905 31
316 936 25
317 344 9
317 415 15
317 516 2
317 538 8
317 637 11
317 685 57
317 714 69
318 354 42
318 510 21
318 514 91
318 587 52
318 626 3
318 684 19
318 703 49
318 891 80
318 922 98
319 327 92
319 344 53
319 364 9
319 379 16
319 455 98
319 463 16
319 503 27
319 535 8
319 634 72
319 848 43
319 911 41
319 960 56
320 371 9
320 411 41
320 414 13
320 445 19
320 474 63
320 490 55
320 500 65
320 513 100
320 521 69
320 542 46
320 669 38
320 967 36
321 418 67
321 466 93
321 750 88
321 758 88
321 986 62
322 502 14
322 589 4
322 659 6
322 689 78
322 734 57
322 743 46
322 824 36
322 905 36
323 520 29
323 678 68
323 744 8
323 765 2
323 971 49
324 460 37
324 660 53
324 752 80
324 879 29
325 430 96
325 967 54
326 335 69
326 338 17
326 374 3
326 386 43
326 412 25
326 499 67
326 696 87
326 718 86
326 752 36
326 821 36
326 893 88
326 901 77
327 375 51
327 400 70
327 778 80
327 819 33
327 998 99
328 377 12
328 533 53
328 605 68
328 653 98
328 740 41
328 801 25
328 826 85
328 934 18
328 964 95
329 360 17
329 413 96
329 437 58
329 518 20
329 563 65
329 593 43
329 613 74
329 659 1
329 779 62
329 825 95
329 930 14
330 349 67
330 388 25
330 435 50
330 535 91
330 575 33
330 784 45
330 896 7
330 939 1
331 340 11
331 395 70
331 424 49
331 453 74
331 476 54
331 566 10
331 568 9
331 662 60
331 730 45
331 755 29
331 789 82
331 888 94
332 464 54
332 561 19
332 610 53
333 360 36
333 594 19
333 598 15
333 663 52
333 752 21
333 861 37
334 546 6
334 613 42
334 696 90
334 866 31
334 872 77
334 873 59
334 913 12
334 941 71
335 417 53
335 527 4
335 598 47
335 601 2
335 753 80
335 810 57
335 938 72
336 520 84
336 601 51
336 699 75
336 729 18
336 744 73
336 956 34
337 356 29
337 428 20
337 467 71
337 722 67
337 804 67
337 806 83
338 760 12
338 925 30
338 947 55
338 996 67
339 517 11
339 585 21
339 789 32
339 969 28
339 973 53
340 377 47
340 463 74
340 555 28
340 653 68
340 791 42
340 831 40
340 870 3
340 910 37
340 916 70
341 542 46
341 592 71
341 689 23
341 735 63
341 773 15
341 798 33
342 364 71
342 446 22
342 532 27
342 553 2
342 630 15
342 674 83
342 746 77
342 843 24
342 953 4
342 996 37
343 575 14
343 606 28
343 635 86
343 902 51
344 515 77
344 532 10
344 606 55
344 688 8
344 962 53
345 420 95
345 427 24
345 592 81
345 616 57
345 653 59
345 801 93
345 867 63
346 367 55
346 435 41
346 701 22
346 767 32
346 849 4
346 893 100
346 940 24
347 418 2
347 422 53
347 449 18
347 609 45
347 745 53
347 897 88
347 916 58
347 924 43
347 929 63
348 707 67
348 765 39
348 822 3
349 402 13
349 483 28
349 507 40
349 525 9
349 610 7
349 969 15
350 527 67
350 557 30
350 766 64
350 776 74
351 363 77
351 431 30
351 577 54
351 762 32
351 934 6
351 946 70
352 399 58
352 473 68
352 494 71
352 535 49
352 628 39
352 807 28
352 847 19
352 937 9
353 418 44
353 516 30
353 716 26
353 735 45
353 761 58
353 769 20
353 844 1
353 861 45
354 375 43
354 413 56
354 438 72
354 722 91
354 730 64
355 492 30
355 496 63
355 533 79
355 577 57
355 755 60
355 803 41
355 883 15
355 887 97
355 907 98
355 960 3
356 559 22
356 584 48
356 739 15
356 812 47
356 833 14
357 413 85
357 554 98
357 646 87
357 877 47
357 965 30
358 408 74
358 468 49
358 584 72
358 710 46
358 799 2
359 414 80
359 455 82
359 565 66
359 579 93
359 626 17
359 747 53
359 773 29
359 823 32
359 912 26
360 363 75
360 443 27
360 475 45
360 494 88
360 518 17
360 643 68
360 686 99
361 448 87
361 466 65
361 588 21
361 692 57
361 754 7
361 791 28
361 818 18
361 858 29
361 900 31
361 926 44
362 419 73
362 480 80
362 595 44
362 637 1
362 722 52
362 799 92
363 431 89
363 449 96
363 802 54
363 836 64
363 860 19
364 390 54
364 394 24
364 489 48
364 617 59
364 711 14
364 749 28
364 798 48
364 801 85
364 907 15
364 961 41
365 412 7
365 569 79
365 680 60
365 707 2
365 713 44
366 410 96
366 651 94
366 783 16
366 989 25
367 554 62
367 938 62
367 952 7
368 555 25
368 761 14
368 787 74
368 833 96
368 879 80
368 999 56
369 443 60
369 718 67
369 753 31
369 791 67
369 933 8
369 962 100
369 978 21
369 985 98
370 386 21
370 477 46
370 508 21
370 530 44
370 724 80
371 465 20
371 478 8
371 510 1
371 553 65
371 710 34
371 799 9
371 888 42
371 934 95
372 407 14
372 499 41
372 571 98
372 631 49
372 739 1
372 974 45
373 577 93
373 629 72
373 670 99
373 779 80
373 894 22
374 425 89
374 466 67
374 595 28
374 685 15
374 708 96
374 830 92
374 915 71
374 925 14
375 385 7
375 482 71
375 633 95
375 647 9
375 856 59
375 925 29
375 942 44
375 981 84
376 382 99
376 428 40
376 510 29
376 650 63
376 658 53
376 778 45
376 852 57
376 867 7
376 964 57
377 409 29
377 478 63
377 481 17
377 622 89
377 727 73
377 762 21
377 790 33
377 878 18
377 933 96
377 982 14
378 481 50
378 950 13
379 406 93
379 501 6
379 734 44
379 849 80
379 887 17
379 940 13
379 997 49
380 546 66
380 633 3
380 652 83
380 811 47
380 878 2
380 904 74
380 920 12
380 990 24
381 438 36
381 644 52
381 771 46
381 874 54
382 482 32
382 737 50
383 446 17
383 475 71
383 530 80
383 887 83
383 909 46
384 404 47
384 418 38
384 459 62
384 494 5
384 539 7
384 551 18
384 572 23
384 686 54
384 700 89
384 776 82
384 864 96
384 893 80
385 424 3
385 478 54
385 823 3
385 839 56
386 495 75
386 505 21
386 557 82
386 609 80
386 767 35
386 793 83
386 816 81
386 837 61
386 852 82
386 879 30
387 403 47
387 497 77
387 575 89
387 976 5
387 998 74
388 415 74
388 494 51
388 525 73
388 586 33
388 833 51
388 841 73
388 861 29
389 748 49
389 754 15
389 789 13
389 803 2
389 832 54
389 872 58
390 395 7
390 427 62
390 529 2
390 700 90
391 611 3
391 726 91
391 735 50
392 430 46
392 437 4
392 559 28
392 614 44
392 661 21
392 708 87
392 751 100
392 798 16
392 821 68
392 860 16
392 892 18
393 428 19
393 530 1
393 594 24
393 602 35
393 687 96
393 857 17
393 867 78
394 755 6
394 758 67
394 888 55
395 556 76
395 683 19
395 729 92
395 766 17
395 788 50
395 923 14
395 988 97
396 488 27
396 531 21
396 573 44
396 746 7
396 758 93
396 815 52
396 906 68
396 994 57
397 416 13
397 424 91
397 440 75
397 726 25
397 744 31
397 753 11
397 836 33
397 905 78
397 990 21
397 999 58
398 466 29
398 469 11
398 580 94
398 659 87
398 692 81
398 978 49
399 502 76
399 557 45
399 578 6
399 695 57
399 705 7
399 790 80
399 822 10
399 833 36
399 893 79
399 910 64
399 985 69
400 500 38
400 505 1
400 593 13
400 794 29
401 435 10
401 471 58
401 805 87
401 808 24
402 455 59
402 697 20
402 808 89
402 836 6
403 496 15
403 663 24
403 692 71
403 992 58
404 564 43
404 645 60
404 680 47
404 718 18
404 940 26
404 963 100
405 581 76
405 591 74
405 666 31
405 702 100
405 735 15
405 862 14
406 416 61
406 509 8
406 617 92
406 639 75
406 698 30
406 827 52
406 898 63
406 907 57
407 543 59
407 642 48
407 760 49
407 996 90
408 496 15
408 608 69
408 618 65
408 744 91
408 893 66
408 935 94
408 942 58
408 954 89
409 453 3
409 522 62
409 523 87
409 682 9
409 755 93
409 899 56
409 978 37
410 473 25
410 610 85
410 644 91
410 799 14
410 965 86
410 967 51
410 982 44
411 433 24
411 522 51
411 553 42
411 710 92
412 771 6
412 818 98
413 461 61
413 470 34
413 559 46
413 739 67
414 685 64
414 727 44
414 760 93
414 847 8
414 902 86
414 944 91
414 970 75
415 437 10
415 484 73
415 666 59
415 692 22
415 862 58
415 935 12
416 445 91
416 548 87
416 684 100
416 718 3
416 864 19
416 913 77
418 446 1
418 584 4
418 594 92
418 648 42
418 768 94
419 465 4
419 529 36
419 567 13
419 701 14
419 856 12
420 453 11
420 472 26
420 512 35
420 636 27
420 652 87
420 662 65
420 710 40
420 806 63
420 894 60
420 903 42
420 949 74
421 653 2
421 729 15
421 793 37
421 796 60
422 453 16
422 506 57
422 594 85
422 839 35
422 892 13
422 962 53
422 983 87
423 457 48
423 611 96
423 707 100
423 714 59
423 791 72
424 508 52
424 560 44
424 791 42
425 579 15
425 651 48
426 486 49
426 554 35
426 622 86
426 635 64
426 695 81
426 730 12
426 734 19
426 768 65
426 824 40
426 833 19
427 645 62
427 977 61
427 994 95
428 445 32
428 539 11
428 558 50
428 605 65
428 681 9
429 502 38
429 595 48
429 694 29
429 788 10
430 480 72
430 572 55
430 695 89
430 926 71
431 432 1
431 626 89
431 746 58
431 774 31
432 582 44
432 651 87
432 694 92
432 781 26
432 839 38
432 857 72
433 492 26
433 596 77
433 665 27
433 901 81
433 916 9
433 963 32
434 532 45
434 579 60
434 665 91
434 668 19
434 712 42
434 736 16
434 750 18
434 756 34
434 813 35
434 825 4
434 839 20
434 931 59
435 484 43
435 648 81
435 679 51
435 680 69
435 722 60
435 725 77
435 955 10
436 654 39
436 805 25
437 449 78
437 492 71
437 605 23
437 674 70
437 772 89
437 944 60
438 463 94
438 509 88
438 513 28
438 680 75
438 941 49
439 447 85
439 474 32
439 548 23
439 655 15
439 677 22
439 682 85
439 685 44
439 714 77
439 806 62
439 808 19
439 817 47
439 906 93
439 937 86
439 959 47
440 484 28
440 554 81
440 633 64
440 637 18
440 849 70
440 929 63
440 960 18
441 726 20
442 455 75
442 534 60
442 759 3
442 842 25
442 875 48
442 897 70
443 472 41
443 584 82
443 588 37
443 741 13
443 803 96
443 845 55
443 873 21
444 541 91
444 767 7
445 544 7
445 559 79
445 934 83
445 978 89
446 591 65
446 864 41
446 946 93
447 970 99
448 486 84
448 606 97
448 637 43
448 658 1
448 683 27
448 719 17
448 762 30
449 756 69
449 947 56
449 991 86
450 572 98
450 591 90
450 706 10
450 850 6
450 960 10
451 570 73
451 628 64
451 734 8
451 802 43
451 915 69
452 701 79
452 722 86
452 863 6
452 871 64
452 905 38
452 987 17
453 469 3
453 521 28
453 692 1
453 779 66
453 929 47
454 647 57
454 674 78
454 701 11
454 843 55
455 549 54
455 578 21
455 660 100
455 807 87
455 922 43
455 964 95
456 501 57
456 860 8
456 906 18
456 916 18
457 529 32
457 626 2
457 674 85
457 688 46
457 739 12
457 880 35
457 911 35
457 947 39
458 491 23
458 519 85
458 523 9
458 535 99
458 692 10
458 723 93
458 812 65
458 849 82
458 961 95
459 603 66
459 631 11
459 762 58
459 803 40
459 897 46
459 940 76
460 468 69
460 665 17
460 784 55
460 853 81
460 896 75
460 959 97
461 535 47
461 754 1
461 882 19
461 905 76
461 926 32
461 999 65
462 672 46
462 731 35
462 983 98
463 515 100
463 522 65
463 621 87
463 654 59
463 664 29
463 896 29
464 626 33
464 721 4
464 915 42
465 466 94
465 590 11
465 650 100
465 713 36
465 887 68
465 914 48
466 576 17
466 608 8
466 689 84
466 754 51
466 865 49
467 591 72
467 623 89
467 678 91
467 688 90
467 884 1
468 621 70
468 630 23
468 669 88
468 682 92
468 829 95
469 565 94
469 598 96
469 709 46
469 756 82
469 807 16
469 901 69
470 498 86
470 608 79
470 637 32
470 785 61
470 811 85
470 885 16
470 888 61
470 971 61
470 978 52
471 651 65
471 655 98
471 672 52
471 739 86
471 750 34
471 884 65
471 968 47
471 981 71
472 587 99
472 812 9
472 813 79
473 657 93
473 658 33
473 908 19
474 684 59
474 725 15
474 726 68
474 855 3
474 857 47
475 496 9
475 745 36
476 557 12
476 745 37
476 820 97
476 935 7
477 708 3
477 754 2
477 962 75
478 939 42
478 991 8
479 851 50
479 852 8
479 878 24
480 526 63
480 615 73
480 641 82
480 711 86
480 745 81
480 794 96
481 527 4
481 544 30
481 614 33
481 934 27
482 519 67
482 625 67
482 758 42
482 769 66
482 841 81
482 888 52
483 527 75
483 711 48
483 902 31
483 915 79
484 619 24
484 661 40
484 686 33
484 691 26
484 741 53
484 750 63
484 775 7
484 834 14
484 997 50
485 673 67
485 737 22
485 749 14
485 872 62
485 930 49
485 932 46
485 968 30
486 496 29
486 572 62
486 693 93
486 767 23
486 881 94
487 717 39
487 821 76
487 822 12
487 936 56
487 963 34
488 812 60
488 845 3
488 957 1
489 582 34
489 692 62
489 744 43
489 842 91
489 894 65
490 546 55
490 604 6
490 688 17
490 801 29
490 903 48
490 911 25
490 963 44
491 552 95
491 621 11
491 652 79
491 718 67
491 724 27
491 823 58
491 944 60
492 526 46
492 560 35
492 564 28
492 665 52
492 926 39
492 932 77
492 958 46
493 554 2
493 651 71
493 728 3
493 767 86
493 875 73
493 899 22
493 906 89
493 935 50
494 544 60
494 584 36
494 604 78
494 621 80
494 671 67
494 683 66
494 766 4
494 873 41
494 883 67
494 924 89
494 956 55
495 761 49
495 848 40
495 850 45
496 559 47
496 666 78
496 709 32
496 760 48
496 761 1
496 777 33
496 969 73
497 841 51
498 587 47
498 589 59
498 627 83
498 649 13
498 796 85
498 806 4
498 824 12
498 827 63
498 876 89
498 941 87
498 952 90
499 611 69
499 639 51
499 692 25
499 713 20
499 799 79
499 922 84
500 683 39
500 774 5
500 851 62
501 645 48
501 760 32
501 939 33
501 944 60
502 568 14
502 629 37
502 756 82
502 895 70
502 924 46
503 657 45
503 670 30
503 673 89
503 686 29
503 733 61
503 927 81
503 943 30
503 953 36
504 876 17
504 932 5
504 985 98
505 545 19
505 721 27
505 840 16
505 908 13
506 550 64
506 568 46
506 811 92
506 968 7
507 664 83
507 755 87
507 894 68
507 942 82
508 527 39
508 717 10
508 736 12
508 877 23
508 950 27
509 569 58
509 710 50
509 778 63
509 854 79
509 889 86
509 968 66
510 600 6
510 606 9
510 647 63
511 695 86
511 825 89
511 881 99
512 526 14
512 550 46
512 574 77
512 899 7
512 953 22
513 574 6
513 849 13
513 988 6
513 999 1
514 561 18
514 609 34
514 716 11
514 769 21
514 867 5
514 873 65
515 555 82
515 591 80
515 791 86
515 904 13
515 921 1
516 521 33
516 726 98
516 733 60
516 950 87
516 959 83
517 573 7
517 636 22
517 675 28
517 795 9
517 854 91
517 909 19
518 535 73
518 636 80
518 712 33
518 941 60
520 541 10
520 716 31
520 832 95
521 583 29
521 618 37
521 620 62
521 716 33
521 778 54
521 837 79
521 864 19
521 907 20
522 545 87
522 877 83
523 538 91
523 709 24
523 713 9
523 762 47
523 932 34
523 957 93
524 616 22
524 626 3
524 668 70
524 691 5
524 749 27
525 561 54
525 637 92
525 671 17
525 836 25
526 705 83
526 812 36
526 857 38
527 623 76
527 890 37
527 924 57
528 585 39
528 660 49
528 780 72
528 959 60
528 964 70
528 979 46
529 665 5
529 870 38
530 699 52
530 831 61
530 874 72
530 961 81
531 704 43
531 819 77
531 849 26
531 983 78
532 639 100
532 791 8
532 951 40
533 543 11
533 685 18
533 730 2
534 587 74
534 607 27
534 850 37
534 937 39
535 790 89
535 797 68
535 842 33
535 861 9
535 989 2
536 572 28
536 581 66
536 640 42
536 968 37
537 840 68
537 953 92
537 991 64
538 566 47
538 567 3
538 669 76
538 692 67
538 707 54
538 727 41
538 892 63
538 926 74
538 929 88
538 965 82
539 746 22
539 933 34
540 765 51
540 772 16
540 852 91
540 980 86
541 739 85
541 929 11
541 996 16
542 583 10
542 765 91
542 821 51
542 939 66
543 643 65
543 704 31
544 577 87
544 579 27
544 589 88
544 610 93
544 642 68
544 695 12
544 952 20
545 576 7
545 578 77
545 819 44
545 833 67
545 893 6
546 683 42
546 760 25
546 787 54
546 801 90
546 921 35
547 558 29
547 790 65
547 858 19
547 893 69
548 569 52
548 811 69
548 865 80
548 962 42
549 569 45
549 570 88
549 918 92
549 923 97
549 998 30
550 585 23
550 653 39
550 703 24
550 715 19
550 784 74
550 835 35
550 842 54
550 867 16
550 891 84
550 953 88
551 740 70
551 772 94
551 884 85
551 946 43
551 988 27
552 648 88
552 772 1
552 780 90
552 788 62
552 880 72
553 571 91
553 721 9
554 612 69
554 641 39
554 798 74
555 574 14
555 596 18
555 598 71
555 609 38
555 658 47
555 835 25
556 640 29
556 695 69
556 706 85
556 787 28
557 636 20
557 665 54
557 714 79
557 715 37
557 868 93
557 977 73
558 575 60
558 596 30
558 650 3
558 717 72
558 733 77
558 741 60
558 844 1
558 847 5
558 888 100
558 970 57
559 663 43
559 926 89
559 943 34
560 743 67
560 856 58
560 871 79
560 969 37
560 984 20
561 601 66
561 641 5
561 687 92
561 699 79
561 735 64
561 780 48
561 795 13
561 912 99
561 982 69
562 779 30
563 599 82
563 609 53
563 701 57
563 734 95
563 807 6
563 839 39
563 949 30
564 668 3
564 751 22
564 812 42
564 950 1
564 954 100
565 583 59
565 719 55
565 722 52
565 949 47
566 593 90
566 819 97
566 891 93
566 995 70
567 691 52
567 866 32
567 922 60
567 991 87
568 575 21
568 587 99
568 631 57
568 751 99
568 786 92
568 951 75
568 986 11
568 994 47
569 570 77
569 736 80
569 819 15
569 920 7
569 955 54
569 956 53
570 668 49
570 715 51
570 742 42
570 770 7
570 991 17
571 905 30
571 948 83
571 983 5
572 585 47
572 702 81
572 741 55
572 998 58
573 680 43
573 890 4
573 918 35
574 600 95
574 633 66
574 678 81
574 823 23
574 835 94
574 873 51
574 881 30
574 956 21
574 972 38
574 980 79
575 732 60
575 816 49
575 909 10
575 961 26
575 969 81
576 719 43
576 797 41
576 819 6
577 608 36
577 626 12
577 789 39
577 972 54
578 620 37
578 654 69
578 676 53
578 928 82
579 738 98
579 779 87
579 896 41
579 925 51
580 634 99
580 646 52
580 778 93
580 850 17
580 990 72
581 687 52
581 726 21
581 752 32
581 792 44
581 794 29
581 928 20
582 604 44
582 891 46
582 908 98
583 715 54
583 842 95
583 906 12
583 927 67
583 929 54
584 841 17
584 942 40
584 992 3
585 613 89
585 817 13
585 842 35
585 890 76
585 971 77
586 621 75
586 625 87
586 822 28
586 917 10
587 756 54
587 904 4
587 928 35
587 941 66
588 781 77
588 978 99
588 980 31
589 657 44
589 787 86
589 889 85
590 608 88
590 612 25
590 625 56
590 755 90
590 805 71
590 851 61
590 915 26
590 938 77
590 972 90
590 982 62
591 668 10
591 676 41
591 746 93
591 749 40
591 800 72
591 860 63
591 897 95
591 929 57
592 877 34
592 926 85
593 700 62
593 835 68
593 867 75
594 836 23
594 893 30
594 925 67
594 981 63
594 998 1
595 630 91
595 681 55
595 694 31
595 825 74
596 599 70
596 670 39
596 724 39
597 619 45
597 654 23
597 812 44
597 971 6
598 704 94
598 778 77
598 905 65
598 916 80
599 684 87
599 918 10
599 989 5
600 663 23
600 741 86
600 763 21
600 833 41
600 898 62
600 955 87
601 655 83
602 665 57
602 667 60
602 945 48
603 666 2
603 721 38
603 881 72
603 907 1
604 610 39
604 675 97
604 699 31
604 818 11
605 690 99
605 723 70
605 807 35
607 651 78
607 672 73
607 695 57
607 772 39
607 776 10
607 887 30
608 646 100
608 905 99
608 907 19
609 627 76
609 637 54
609 683 52
609 738 95
609 902 29
610 611 76
610 706 4
610 793 82
610 832 85
610 921 77
611 789 27
611 821 56
611 845 70
611 952 97
612 754 46
612 768 75
612 842 16
612 881 100
613 622 41
613 853 79
614 881 36
614 908 95
614 958 18
615 965 26
616 714 63
616 726 80
616 758 80
616 874 94
616 907 9
617 660 19
617 743 18
617 758 40
617 804 14
617 842 76
617 993 87
618 821 24
618 981 18
619 680 1
619 858 40
619 921 50
619 927 67
619 942 44
619 952 4
619 973 98
619 978 98
620 629 100
620 891 59
620 914 53
620 931 13
621 676 99
621 685 78
621 881 60
621 951 57
621 962 43
621 995 30
622 658 10
622 856 97
623 862 82
623 964 54
624 633 66
624 727 48
624 833 24
625 879 34
625 937 15
626 771 8
626 778 82
626 847 30
627 707 47
627 899 92
628 679 95
628 816 57
629 674 62
629 727 38
629 829 77
629 937 88
630 675 76
630 706 66
630 804 54
630 808 57
631 885 6
632 853 36
632 952 21
633 726 59
633 788 32
633 791 83
633 997 55
634 732 96
634 811 68
634 818 85
634 928 45
634 952 76
634 970 90
635 786 62
635 901 41
635 943 85
636 651 89
636 851 7
637 671 67
637 691 13
637 830 51
638 761 1
638 825 68
638 870 39
638 890 47
638 995 58
639 679 85
639 825 1
640 693 35
640 870 11
640 936 20
641 723 37
641 747 41
641 947 100
641 960 73
641 971 90
642 652 47
642 972 58
644 652 1
644 689 37
644 782 24
644 832 25
644 845 23
644 960 77
645 646 61
645 724 56
645 799 62
645 814 7
645 976 79
646 676 36
646 832 24
646 951 67
647 699 34
647 828 53
647 945 34
648 801 7
648 857 71
649 694 80
649 945 90
649 973 8
650 680 11
650 815 43
651 673 11
651 719 98
651 752 94
651 899 75
652 771 11
652 916 47
652 942 76
652 997 64
653 704 83
653 717 59
653 720 97
653 778 34
653 783 17
653 923 34
653 934 53
653 963 56
654 657 49
654 789 6
655 729 39
655 795 9
655 800 54
656 791 72
656 865 14
656 902 57
656 907 5
656 917 28
656 944 46
656 964 54
657 903 71
658 723 32
658 737 47
658 788 73
658 800 3
658 817 9
658 821 29
658 823 91
658 881 45
659 701 44
659 961 66
660 780 19
660 798 77
660 802 11
660 826 16
660 889 24
661 739 70
661 824 23
661 871 72
661 879 74
661 893 33
661 954 56
662 752 47
663 674 14
663 929 29
664 831 45
664 859 7
664 897 66
665 685 13
665 834 31
665 938 57
665 972 21
665 995 10
666 863 26
666 883 96
666 921 91
667 721 48
667 851 46
668 726 43
668 728 62
668 785 23
668 867 76
669 723 3
669 725 85
669 845 24
669 848 51
670 679 91
670 730 78
670 791 38
670 968 75
671 770 36
671 812 75
671 816 63
671 928 89
672 790 35
672 968 26
673 688 18
673 730 71
673 942 17
674 682 54
674 781 3
674 798 33
674 982 28
675 902 7
676 711 66
676 809 69
676 819 22
676 833 37
677 910 73
677 944 8
678 721 16
678 745 1
679 739 75
679 997 57
680 706 97
680 805 92
680 960 73
681 715 22
681 781 6
681 820 44
681 832 22
681 857 85
682 758 44
682 853 91
682 887 38
684 706 16
684 787 14
684 884 83
684 933 31
684 965 95
685 863 75
686 703 51
686 776 25
686 860 43
686 923 74
687 820 75
688 745 82
688 836 58
688 853 80
688 866 4
688 916 40
689 793 49
689 889 53
689 943 32
690 718 67
690 721 18
690 877 21
690 898 77
691 782 59
691 856 82
691 876 12
691 891 76
692 771 50
692 830 36
692 838 8
693 694 25
693 770 2
694 746 66
694 756 98
694 771 25
694 777 34
694 797 9
694 881 25
694 888 52
694 902 86
694 965 51
695 768 25
695 806 5
695 953 2
696 819 56
696 828 14
696 894 94
696 976 75
697 702 27
697 942 23
698 776 66
699 904 11
699 912 96
699 952 96
699 980 64
699 995 12
700 953 85
701 806 27
701 851 31
701 961 66
702 721 24
702 987 30
703 738 68
703 781 57
703 814 52
703 841 80
704 730 72
704 733 83
704 734 59
704 835 47
704 998 66
705 777 38
706 733 2
706 891 73
706 942 47
707 751 98
707 933 4
708 710 38
708 860 18
708 957 95
709 725 87
709 924 44
709 974 14
710 773 39
710 922 11
710 948 19
710 952 55
710 959 82
710 994 100
712 956 10
713 840 81
713 983 62
714 858 63
714 867 22
714 888 50
715 795 14
715 844 44
715 899 95
715 994 3
716 733 23
716 823 44
716 888 75
716 947 8
717 838 49
717 908 63
717 917 82
717 934 80
718 833 51
720 735 33
720 839 63
721 753 18
721 764 80
721 817 18
721 881 59
721 907 59
721 972 56
722 770 25
722 840 13
722 860 91
722 870 31
722 942 41
723 779 48
724 812 96
724 816 92
724 982 14
724 994 4
725 767 54
725 840 34
725 961 100
726 793 48
726 830 42
726 843 25
726 922 7
727 769 56
727 818 98
727 950 57
728 743 9
728 825 64
728 905 57
728 973 63
729 899 79
729 945 8
730 767 39
731 853 48
731 878 29
732 892 21
732 950 74
733 956 47
734 754 97
734 776 42
734 909 31
734 924 77
735 862 1
735 890 93
736 752 35
736 996 77
738 771 13
738 912 82
739 817 53
739 860 46
740 792 19
740 851 24
740 986 68
741 764 84
741 812 61
741 892 15
742 792 34
742 830 59
742 874 3
742 897 68
742 921 91
743 766 92
743 812 14
743 911 21
744 764 48
744 843 88
744 859 31
744 945 55
746 820 29
746 911 25
747 963 62
750 886 70
751 790 37
751 814 26
752 831 53
752 975 3
753 802 86
753 868 57
754 763 69
754 943 67
756 790 29
756 911 38
756 977 6
757 776 74
757 828 44
757 836 12
757 849 15
757 939 64
757 952 64
758 961 90
759 763 82
759 832 17
760 782 16
760 861 17
761 812 61
761 978 65
762 791 91
762 842 34
762 976 85
763 923 18
763 978 60
763 992 39
764 773 71
764 835 20
764 840 50
764 995 1
765 944 40
765 945 35
767 921 20
767 923 59
768 905 9
769 770 65
769 838 26
769 932 12
770 802 67
770 817 32
771 790 10
771 928 26
772 777 100
772 784 30
773 798 6
773 946 72
774 814 29
777 787 45
778 818 12
779 868 62
779 877 44
779 977 21
780 781 27
780 981 56
780 990 12
781 865 74
781 977 60
782 788 81
782 815 12
782 842 23
782 905 5
782 941 45
783 974 4
783 978 69
784 948 51
785 885 10
786 989 42
786 999 87
788 813 64
788 845 3
788 911 90
790 977 29
795 827 86
795 849 58
795 930 23
795 963 36
797 860 96
797 905 89
799 928 27
799 958 70
800 832 25
800 833 65
800 926 93
801 824 54
801 828 56
801 859 98
801 869 74
801 877 77
802 875 6
802 977 37
803 815 8
803 998 89
805 819 80
805 823 58
805 920 61
805 939 70
806 989 77
807 947 23
807 962 99
807 993 79
808 865 8
808 876 16
808 993 76
809 938 24
810 891 67
811 938 78
811 967 93
811 990 100
812 829 38
812 918 40
812 988 15
813 849 4
815 837 38
815 869 65
815 963 49
815 998 35
816 827 3
816 864 59
817 830 63
817 976 6
818 849 15
818 853 73
818 967 99
819 897 84
819 927 37
821 835 47
821 849 60
821 942 81
822 905 55
822 983 6
824 837 68
824 905 20
824 936 30
828 860 71
828 984 13
829 893 47
829 985 85
830 917 90
830 924 39
831 935 70
832 866 5
834 965 46
834 967 98
835 849 28
836 908 18
837 854 72
838 954 20
840 934 26
840 937 47
841 980 22
843 886 13
844 948 9
845 907 81
846 895 84
846 960 1
847 983 42
851 895 3
851 923 26
854 883 1
854 929 37
854 968 63
855 939 24
855 986 37
856 884 30
856 911 19
856 947 78
859 879 88
860 877 60
860 953 45
861 924 3
861 939 72
862 919 67
862 962 46
863 924 93
864 912 96
864 976 30
866 976 86
867 920 80
867 948 89
867 971 74
868 909 59
868 999 93
870 884 98
870 945 83
871 955 31
872 958 72
874 914 59
875 988 30
876 900 42
877 989 87
878 925 70
878 945 31
880 947 37
882 915 59
882 955 50
883 921 36
885 950 12
886 978 79
888 894 14
888 919 80
888 976 30
888 984 11
889 947 5
890 906 13
891 923 35
892 949 37
893 925 27
893 948 82
894 899 44
894 934 55
896 911 1
896 958 7
898 973 53
898 984 52
899 932 26
900 906 58
901 935 25
901 955 6
902 914 88
903 954 56
903 958 56
903 967 73
904 932 34
905 925 75
905 997 99
906 916 15
906 940 36
906 981 61
907 915 73
910 916 56
910 931 13
910 964 30
911 921 26
912 918 7
913 959 31
913 991 30
915 939 8
917 960 49
917 965 49
917 992 68
917 995 2
919 931 71
919 961 1
919 967 97
920 967 43
926 996 73
929 982 98
930 972 71
932 973 52
933 967 8
933 971 74
934 959 98
934 963 50
937 963 66
937 966 72
937 983 55
938 947 85
938 963 59
939 943 96
942 951 14
942 967 14
943 958 33
943 970 10
946 955 10
949 988 13
950 980 49
954 975 57
956 967 30
961 965 6
961 972 85
961 975 65
961 985 29
964 971 44
971 997 40
972 973 63
973 991 35
977 986 1
998 999 50
