1000 5022
0 244 11
0 261 88
0 283 49
0 381 53
0 436 49
0 582 76
0 878 13
1 24 88
1 94 26
1 140 82
1 144 60
1 214 100
1 270 38
1 311 26
1 571 26
1 611 94
1 702 22
2 99 69
2 101 14
2 168 87
2 170 85
2 226 58
2 437 97
2 686 17
2 847 14
2 905 35
2 908 9
3 103 18
3 217 2
3 233 40
3 483 43
3 604 92
3 860 47
3 922 3
3 976 27
4 193 67
4 218 89
4 222 41
4 251 58
4 313 87
4 369 78
4 375 82
4 436 15
4 510 74
4 545 81
4 617 67
4 758 35
4 785 61
4 822 39
5 9 22
5 18 33
5 25 44
5 63 4
5 195 30
5 227 77
5 249 97
5 269 1
5 350 1
5 355 3
5 429 11
5 514 87
5 678 53
5 810 90
5 915 67
6 49 18
6 281 79
6 415 41
6 449 22
6 617 10
6 714 45
6 758 99
6 966 21
7 183 45
7 290 69
7 315 54
7 671 19
7 704 8
7 901 58
7 961 23
8 153 2
8 273 87
8 312 66
8 334 33
8 378 95
8 379 100
8 525 35
8 557 4
8 623 25
8 639 38
8 654 64
8 726 63
8 832 22
8 899 39
8 948 24
9 233 49
9 287 63
9 323 88
9 422 65
9 459 33
9 522 74
9 546 23
9 549 95
9 600 33
9 601 72
9 624 73
9 784 57
9 873 60
9 904 91
9 980 2
10 311 86
10 319 42
10 350 20
10 412 9
10 532 52
10 576 70
10 673 31
10 860 22
10 924 30
10 989 7
11 374 46
11 655 45
11 663 87
11 991 11
12 16 14
12 33 89
12 395 50
12 531 45
12 879 66
13 167 13
13 229 61
13 427 32
13 640 80
13 663 85
13 682 5
13 684 11
13 694 47
13 717 88
13 807 36
13 869 1
14 75 27
14 387 54
14 453 50
14 507 11
14 730 7
14 748 88
14 922 1
14 966 31
14 978 31
15 74 2
15 99 99
15 311 48
15 353 23
15 441 7
15 619 5
15 748 66
15 797 34
15 827 72
15 948 29
16 78 64
16 113 32
16 150 60
16 381 34
16 549 66
16 557 100
16 771 79
16 840 87
16 857 61
16 875 88
17 19 44
17 98 75
17 127 81
17 202 23
17 246 82
17 253 87
17 438 55
17 447 64
17 527 58
17 612 75
17 658 90
17 703 47
17 828 27
18 94 95
18 342 42
18 356 52
18 605 9
18 673 83
18 717 38
18 893 5
18 946 45
19 36 37
19 48 33
19 60 87
19 123 22
19 422 32
19 468 78
19 544 10
19 790 40
19 849 26
19 973 69
19 993 55
20 83 92
20 102 42
20 104 75
20 278 34
20 380 11
20 501 84
20 660 87
21 249 33
21 251 66
21 398 57
21 612 97
21 634 33
21 659 58
21 797 94
21 877 9
21 896 55
21 973 89
22 45 42
22 237 14
22 555 44
22 571 97
22 917 58
23 251 65
23 270 26
23 378 16
23 380 77
23 394 12
23 609 36
23 646 68
23 647 97
23 664 98
23 718 53
23 764 56
23 799 59
23 937 70
24 174 61
24 571 68
24 721 57
24 778 16
24 831 34
24 889 30
24 910 7
25 182 5
25 383 83
25 417 84
25 523 19
25 607 68
25 671 54
25 817 52
25 894 31
26 118 20
26 198 81
26 383 94
26 435 38
26 509 84
26 544 3
26 630 40
26 856 63
27 142 84
27 228 48
27 538 44
27 667 80
27 753 1
27 782 35
27 798 17
27 804 9
27 809 69
27 979 82
28 29 74
28 65 9
28 175 10
28 187 4
28 202 61
28 208 80
28 231 4
28 275 94
28 298 39
28 377 54
28 394 11
28 458 90
28 543 22
28 692 33
28 882 21
29 47 14
29 157 39
29 620 60
29 636 67
29 650 8
29 713 41
29 720 86
29 855 61
29 907 100
29 966 83
29 990 51
30 104 52
30 114 84
30 121 9
30 139 19
30 287 84
30 378 60
30 567 12
30 696 3
30 839 40
31 63 49
31 180 81
31 324 87
31 381 65
31 405 97
31 536 81
31 749 5
31 989 63
32 102 28
32 223 72
32 231 70
32 266 84
32 394 67
32 449 39
32 761 38
32 914 63
33 121 92
33 161 25
33 327 32
33 334 25
33 355 16
33 368 49
33 607 89
33 625 55
33 969 39
34 79 55
34 100 4
34 188 88
34 218 24
34 302 50
34 547 47
35 336 54
35 363 62
35 581 84
35 629 52
35 731 13
35 817 64
35 926 38
36 134 59
36 141 17
36 232 88
36 365 7
36 366 91
36 462 63
36 479 81
36 517 96
36 651 59
36 719 41
36 778 95
36 788 74
36 898 2
36 911 42
36 941 66
36 995 33
36 997 14
37 38 52
37 163 20
37 241 47
37 282 77
37 406 58
37 661 43
37 759 91
37 799 41
37 853 46
37 868 4
38 301 93
38 324 99
38 456 44
38 464 66
38 472 84
38 982 91
39 149 77
39 187 23
39 265 26
39 307 39
39 385 56
39 408 47
39 575 87
39 661 70
39 682 68
39 774 75
39 894 48
39 980 86
40 103 88
40 179 7
40 198 48
40 224 92
40 322 99
40 592 59
40 671 37
40 955 87
41 169 22
41 183 45
41 279 32
41 304 41
41 502 16
41 537 45
41 573 96
41 602 11
41 675 59
41 755 85
41 807 58
41 893 94
41 956 25
42 298 46
42 398 11
42 429 25
42 512 24
42 634 60
42 661 2
42 692 12
43 159 96
43 375 53
43 501 1
43 557 55
43 671 62
43 741 25
43 802 24
43 807 93
43 823 81
43 985 92
43 988 75
44 64 90
44 213 97
44 253 94
44 384 98
44 472 36
44 487 26
44 508 15
44 596 91
44 608 32
44 684 45
44 749 39
44 961 70
44 982 20
45 82 69
45 294 1
45 323 16
45 341 88
45 371 33
45 540 90
45 671 20
45 708 66
45 746 47
45 784 59
45 895 100
45 942 95
46 74 42
46 191 78
46 297 64
46 325 16
46 384 43
46 428 96
46 437 32
46 677 53
46 710 14
46 800 12
46 923 45
47 144 58
47 177 88
47 186 50
47 255 45
47 374 56
47 472 82
47 490 87
47 518 70
47 686 41
47 792 45
47 858 9
47 870 94
47 911 38
47 945 55
47 968 14
48 231 89
48 320 84
48 450 87
48 558 82
48 636 80
48 667 72
48 743 78
48 882 39
48 973 27
49 187 47
49 237 79
49 467 49
49 485 55
49 580 83
49 619 85
49 765 45
49 991 78
50 83 90
50 138 75
50 251 31
50 393 61
50 654 20
50 752 61
50 905 99
51 104 5
51 156 1
51 224 88
51 538 39
51 599 61
51 623 57
51 624 80
51 731 93
52 196 97
52 225 52
52 505 40
52 556 86
52 579 84
52 629 19
52 686 64
52 822 73
53 94 26
53 336 77
53 353 61
53 391 92
53 400 82
53 512 50
53 603 45
53 692 79
53 737 83
53 910 22
53 963 32
54 74 53
54 96 88
54 173 80
54 341 55
54 355 76
54 411 60
54 423 52
54 591 34
54 799 37
54 929 39
55 98 3
55 111 12
55 128 12
55 146 3
55 332 53
55 352 63
55 475 33
55 559 6
55 573 32
55 723 78
55 774 71
55 900 25
55 919 35
55 939 91
55 972 20
56 62 76
56 90 33
56 98 43
56 148 70
56 165 31
56 176 96
56 240 68
56 318 70
56 329 31
56 360 7
56 459 35
56 521 77
56 564 12
56 720 41
56 731 58
56 759 31
56 875 76
56 975 36
57 205 45
57 296 16
57 535 24
57 608 20
57 711 42
57 767 80
57 803 83
57 847 37
57 878 6
57 999 88
58 180 68
58 754 20
58 800 79
58 948 14
58 966 35
59 310 83
59 416 48
59 664 69
59 751 78
60 81 95
60 125 52
60 277 32
60 414 5
60 506 88
60 524 37
60 550 87
60 572 79
60 581 51
60 703 29
60 806 48
60 848 25
60 891 40
60 936 6
60 997 62
61 186 32
61 266 91
61 460 75
61 625 11
61 653 49
61 672 60
61 712 35
61 797 2
61 983 81
62 99 57
62 144 85
62 186 70
62 434 90
62 453 88
62 523 32
62 551 42
62 696 66
62 744 1
62 762 58
63 102 50
63 258 53
63 293 53
63 406 91
63 492 69
63 502 45
63 614 98
63 818 77
63 823 68
63 900 86
64 210 28
64 219 44
64 427 89
64 562 77
64 599 5
64 627 54
64 633 84
64 751 91
64 903 72
65 251 73
65 316 25
65 411 1
65 456 33
65 463 58
65 584 5
65 604 29
65 814 94
65 955 5
65 991 25
66 134 17
66 152 44
66 173 78
66 232 44
66 312 85
66 425 22
66 457 31
66 602 77
66 767 82
66 792 33
66 915 66
66 967 6
67 103 4
67 168 31
67 174 50
67 334 69
67 435 35
67 552 36
67 917 17
67 961 40
68 227 19
68 260 64
68 407 89
68 469 37
68 510 80
68 614 60
68 775 96
68 805 26
68 921 72
68 992 39
69 294 8
69 532 35
69 738 54
69 769 42
69 918 67
69 957 11
69 978 55
69 986 31
70 173 89
70 264 82
70 412 88
70 431 9
70 600 65
70 714 56
70 855 41
70 886 1
71 151 55
71 290 18
71 440 69
71 527 4
71 643 79
71 731 23
71 746 47
71 757 10
71 810 54
72 133 3
72 235 79
72 267 42
72 661 11
72 670 21
72 731 59
72 777 40
72 856 82
72 863 23
73 80 83
73 121 45
73 187 91
73 270 83
73 517 81
73 526 14
73 552 80
73 568 2
73 597 98
73 817 12
73 965 19
74 191 96
74 248 53
74 277 25
74 393 59
74 435 16
74 491 19
74 528 74
74 870 47
74 977 10
75 160 41
75 321 24
75 476 10
75 709 23
75 819 73
76 150 89
76 169 91
76 192 5
76 256 57
76 394 58
76 489 47
76 494 48
76 588 49
76 690 80
76 691 18
76 767 87
76 818 42
76 825 63
76 852 7
76 885 75
76 949 61
77 79 26
77 128 16
77 172 63
77 230 37
77 241 91
77 247 93
77 254 32
77 267 43
77 270 3
77 401 72
77 428 79
77 592 49
77 721 2
77 779 99
77 794 59
78 135 24
78 187 82
78 329 33
78 337 2
78 348 19
78 447 22
78 482 80
78 529 54
78 658 77
78 846 8
78 980 87
79 311 58
79 359 33
79 458 1
79 541 96
79 610 21
79 618 66
79 735 55
79 834 95
79 974 35
80 292 33
80 380 41
80 507 100
80 508 9
80 522 81
80 777 36
80 791 73
81 142 49
81 352 32
81 459 77
81 701 100
81 816 72
82 116 90
82 161 25
82 336 37
82 345 98
82 536 72
82 557 33
82 807 27
83 107 93
83 348 50
83 395 49
83 428 48
83 448 17
83 493 93
83 504 94
83 533 72
83 661 20
83 687 57
83 869 49
83 970 81
84 344 85
84 552 97
84 567 80
84 626 22
84 726 6
85 308 3
85 410 44
85 582 6
85 759 24
85 768 50
86 101 31
86 191 18
86 204 53
86 464 49
86 486 8
86 558 81
86 611 19
86 680 37
86 748 98
86 917 96
87 355 48
87 412 69
87 635 79
87 682 11
87 723 93
87 803 80
87 882 77
87 910 63
88 166 29
88 174 89
88 375 32
88 381 86
88 388 69
88 485 45
88 519 47
88 589 57
88 737 61
88 799 100
88 919 3
88 924 89
88 945 41
89 141 90
89 142 83
89 232 49
89 437 8
89 471 7
89 552 38
89 900 69
89 934 76
90 394 79
90 410 31
90 423 83
90 478 92
90 501 83
90 517 74
90 675 55
90 730 51
90 732 48
90 816 4
91 158 86
91 318 17
91 380 35
91 381 31
91 583 99
91 620 33
91 623 80
91 690 1
91 864 25
91 934 23
91 944 41
91 957 18
92 171 79
92 174 34
92 254 47
92 447 73
93 254 38
93 361 42
93 537 68
93 573 14
93 596 22
93 660 31
93 770 45
93 813 98
93 830 36
94 465 33
94 500 25
94 524 42
94 573 99
94 713 45
94 951 90
94 952 9
95 143 32
95 159 48
95 603 27
95 667 56
95 671 17
95 681 28
95 718 25
95 746 25
95 787 91
95 820 61
96 444 5
96 636 59
96 648 61
96 735 72
96 776 76
97 114 89
97 524 59
97 587 68
97 652 76
97 684 76
97 807 58
97 881 15
97 973 79
98 193 61
98 219 52
98 398 14
98 624 31
98 713 48
99 102 73
99 111 70
99 152 57
99 160 88
99 245 82
99 293 34
99 338 33
99 348 68
99 424 89
99 503 2
99 593 54
99 622 12
99 786 66
99 960 29
100 294 3
100 301 89
100 339 65
100 432 100
100 573 78
100 703 37
100 719 27
100 815 78
100 829 11
100 872 84
100 900 13
100 983 66
101 107 77
101 113 89
101 161 76
101 225 16
101 260 45
101 356 35
101 366 70
101 405 7
101 406 14
101 662 4
101 743 19
102 211 30
102 312 65
102 314 84
102 569 31
102 965 46
103 147 87
103 227 59
103 240 78
103 369 18
103 543 59
103 588 83
103 606 51
103 627 16
103 652 52
103 709 62
103 902 11
104 169 80
104 413 1
104 492 82
104 593 12
104 611 83
104 615 8
104 714 12
104 733 46
104 852 88
105 155 54
105 166 50
105 268 23
105 312 29
105 465 50
105 481 18
105 559 60
105 599 50
105 663 53
105 690 75
105 845 87
106 167 86
106 204 4
106 278 97
106 518 8
106 852 45
106 890 55
106 910 100
106 918 53
107 236 85
107 389 5
107 435 25
107 488 12
107 493 95
107 669 86
107 672 97
107 680 82
107 900 81
108 438 89
108 450 21
108 462 19
108 553 6
108 695 19
108 701 4
108 804 89
108 865 60
108 944 92
109 144 1
109 233 8
109 491 91
109 652 78
109 703 85
109 816 43
109 847 76
109 951 96
110 165 39
110 215 28
110 270 94
110 355 50
110 395 99
110 424 80
110 439 93
110 642 47
110 713 50
110 851 15
110 857 17
110 858 82
110 884 19
111 162 14
111 206 66
111 689 55
111 707 51
111 774 93
111 850 75
111 991 46
112 175 57
112 218 33
112 277 43
112 299 17
112 734 33
112 749 85
112 874 44
112 991 52
113 200 50
113 263 24
113 322 42
113 365 35
113 367 19
113 387 21
113 448 13
113 530 21
113 599 83
113 696 51
113 703 4
113 824 2
113 870 9
113 917 80
113 938 79
113 982 66
113 994 57
114 206 62
114 229 74
114 290 98
114 294 41
114 735 60
114 762 45
114 947 70
115 418 97
115 437 41
115 895 47
115 944 92
115 979 15
116 142 65
116 156 21
116 161 57
116 193 73
116 449 18
116 838 84
116 856 57
116 960 94
117 162 7
117 186 41
117 287 95
117 320 96
117 478 2
117 517 12
117 526 28
117 582 29
117 598 8
117 652 69
117 738 85
117 763 73
117 848 79
117 913 65
117 927 69
118 161 80
118 313 87
118 357 90
118 368 4
118 404 30
118 406 17
118 419 81
118 702 78
118 798 82
118 802 8
118 981 24
119 183 20
119 499 34
119 638 14
119 716 85
120 600 14
120 634 44
120 686 50
120 703 90
120 718 92
120 719 92
120 795 26
120 850 87
120 906 73
121 145 61
121 149 72
121 187 64
121 265 28
121 435 83
121 451 60
121 999 49
122 193 43
122 362 94
122 665 13
122 718 55
122 726 44
122 730 7
122 731 8
122 899 72
122 938 35
123 136 50
123 327 89
123 451 79
123 795 69
123 800 83
123 825 96
123 836 41
123 852 31
123 940 52
123 953 91
124 174 84
124 480 66
124 577 73
124 777 45
124 807 11
124 886 10
124 944 54
124 964 70
125 191 74
125 243 1
125 547 59
125 707 94
125 778 30
125 846 52
126 162 81
126 249 83
126 295 28
126 311 28
126 326 97
126 464 44
126 591 41
126 613 88
126 634 13
126 802 5
126 907 73
127 128 53
127 192 36
127 351 33
127 407 27
127 518 82
127 539 97
127 544 67
127 649 64
127 906 68
128 158 81
128 267 59
128 306 98
128 344 47
128 481 40
128 523 96
128 538 5
128 572 28
128 575 6
128 588 55
128 689 5
128 760 59
128 833 80
129 220 17
129 265 30
129 419 39
129 460 92
129 577 28
129 676 32
129 846 88
129 886 56
129 920 85
129 990 1
130 140 99
130 179 61
130 194 30
130 297 71
130 347 80
130 390 7
130 474 31
130 787 93
130 921 21
131 249 30
131 530 1
131 546 84
131 721 2
131 909 70
131 922 75
132 159 90
132 244 9
132 307 17
132 525 26
132 600 67
132 612 55
132 970 5
132 984 12
132 991 14
133 237 16
133 243 54
133 399 96
133 627 67
133 652 22
133 675 13
133 740 61
133 761 90
133 863 32
133 870 6
133 997 79
134 395 84
134 589 44
134 734 36
134 753 89
134 831 61
134 850 18
134 865 11
135 141 95
135 489 80
135 500 46
135 724 57
135 795 4
135 813 60
135 885 88
135 891 81
135 933 67
136 336 51
136 435 50
136 454 56
136 623 49
136 752 73
136 775 93
136 814 42
136 955 15
137 142 64
137 317 22
137 342 68
137 345 17
137 395 18
137 453 85
137 602 65
137 626 55
137 842 16
137 880 13
137 892 7
137 899 76
137 926 33
137 945 53
138 318 60
138 328 31
138 691 59
138 692 38
138 710 71
138 727 69
138 864 62
138 931 3
138 942 94
138 963 4
138 988 29
139 165 55
139 192 25
139 264 93
139 332 94
139 372 43
139 377 83
139 509 5
139 624 62
139 762 41
139 980 49
140 332 88
140 352 7
140 449 5
140 461 50
140 553 80
140 820 89
141 322 9
141 358 23
141 433 56
141 508 59
141 563 3
141 590 100
141 648 87
141 695 6
141 702 99
141 774 68
141 856 2
142 176 100
142 466 51
142 639 1
142 872 66
142 881 8
143 393 82
143 394 54
143 578 98
143 614 18
143 650 5
143 659 2
143 699 5
143 791 29
143 834 73
144 213 92
144 721 27
144 757 22
144 768 34
144 846 37
144 884 23
145 207 52
145 213 1
145 554 4
145 572 43
145 663 76
145 732 68
145 799 32
145 912 36
145 921 98
146 232 69
146 318 11
146 539 88
146 561 81
146 577 9
146 633 86
146 740 43
146 896 46
147 169 84
147 207 69
147 268 77
147 793 73
147 964 68
148 340 51
148 456 6
148 460 55
148 465 10
148 489 71
148 568 83
148 727 44
148 936 36
148 987 57
149 176 3
149 203 94
149 208 90
149 253 87
149 267 32
149 325 61
149 331 61
149 360 86
149 435 92
149 540 74
149 641 76
149 999 75
150 169 93
150 170 83
150 196 32
150 453 60
150 466 78
150 627 32
150 655 88
150 670 56
150 671 58
150 696 58
150 709 32
150 738 16
150 790 76
150 806 70
151 381 27
151 670 17
151 783 73
151 879 53
151 917 52
152 187 63
152 197 53
152 648 39
152 655 82
152 734 90
152 803 90
152 831 71
152 889 80
152 899 86
152 954 76
152 969 94
153 308 86
153 342 11
153 413 68
154 168 63
154 316 8
154 339 81
154 365 30
154 472 38
154 632 32
154 758 11
155 400 63
155 475 6
155 584 13
155 603 6
155 627 95
155 717 20
155 726 81
155 762 62
155 820 24
156 224 67
156 269 59
156 378 77
156 573 72
156 663 81
156 784 64
156 940 93
156 994 69
157 209 57
157 228 92
157 513 17
157 579 77
157 611 33
157 624 9
157 652 23
157 718 99
157 797 20
157 878 35
157 908 23
158 380 20
158 514 88
158 679 56
158 693 80
158 914 32
158 946 96
159 525 45
159 561 5
159 645 49
160 312 55
160 314 58
160 426 56
160 514 87
160 639 43
160 640 35
160 883 83
160 928 94
160 950 15
160 992 86
161 239 65
161 336 66
161 620 12
161 656 67
161 664 93
161 870 18
161 893 35
161 946 14
162 196 64
162 361 79
162 654 88
162 679 43
162 730 35
162 758 60
162 973 35
163 192 91
163 202 24
163 316 5
163 369 53
163 389 99
163 832 30
164 341 77
164 393 45
164 431 44
164 454 9
164 528 4
164 627 58
164 827 97
164 905 21
164 951 28
165 177 97
165 207 99
165 354 46
165 792 67
165 799 31
165 923 10
166 180 43
166 249 35
166 315 45
166 400 50
166 667 42
166 729 30
166 744 67
166 888 35
166 933 50
166 944 98
167 203 70
167 253 9
167 532 72
167 724 48
167 839 65
168 423 17
168 512 91
168 623 80
169 481 34
169 516 11
169 579 55
169 641 5
169 760 88
170 228 61
170 272 47
170 283 65
170 308 47
170 399 22
170 824 71
170 847 33
170 848 57
170 858 59
170 868 7
170 879 21
170 971 85
170 998 39
171 183 25
171 259 9
171 315 43
171 403 58
171 512 16
171 558 48
171 774 49
171 778 68
171 809 83
171 945 44
171 982 66
172 211 36
172 317 88
172 319 38
172 404 64
172 627 31
172 800 62
172 817 98
172 878 74
173 257 83
173 456 62
173 467 18
173 543 10
173 576 7
173 585 30
173 589 67
173 662 28
173 663 67
173 703 100
173 908 71
173 944 61
173 947 50
174 175 96
174 366 48
174 547 25
174 563 65
174 795 77
174 923 85
175 249 17
175 356 56
175 378 25
175 395 12
175 611 30
175 759 80
175 861 9
175 865 76
175 873 10
175 883 11
176 482 78
176 681 28
176 710 98
176 719 83
176 810 83
176 862 54
176 993 98
177 302 67
177 344 2
177 368 32
177 409 80
177 572 84
177 747 33
177 828 28
177 848 98
178 301 88
178 456 1
178 723 90
178 855 75
178 903 54
178 955 100
178 964 76
178 973 39
179 257 86
179 442 16
179 601 93
179 809 18
179 935 24
179 940 36
180 330 64
180 342 81
180 356 5
180 455 31
180 543 65
180 605 14
180 712 28
180 819 85
180 900 3
180 950 29
180 982 54
181 274 45
181 449 75
181 456 54
181 505 91
181 529 41
181 627 76
181 645 11
181 648 65
181 808 72
181 827 42
182 207 78
182 237 16
182 241 83
182 499 19
182 505 48
182 508 25
182 555 16
182 792 52
182 919 10
183 270 65
183 324 16
183 459 64
183 519 34
183 585 17
183 601 40
183 741 23
183 817 50
183 861 62
183 879 70
183 969 52
184 228 69
184 468 19
184 501 51
184 536 19
184 567 12
184 790 10
185 270 9
185 513 48
185 531 88
185 735 63
185 815 70
185 936 32
185 940 46
185 988 45
186 420 99
186 495 48
186 572 89
186 655 76
186 791 7
187 249 90
187 257 41
187 375 7
187 434 60
187 452 16
187 461 39
187 573 43
187 644 64
187 678 45
188 207 64
188 292 43
188 427 33
188 554 97
188 566 87
188 908 47
189 243 45
189 299 42
189 438 90
189 443 84
189 555 74
189 622 72
189 794 77
189 907 83
189 977 8
190 467 84
190 518 91
190 524 98
190 558 81
190 635 30
190 660 8
190 763 1
191 227 23
191 315 35
191 547 99
191 551 33
191 677 4
191 741 94
191 778 66
191 886 41
191 941 35
192 431 95
192 456 69
192 578 69
192 786 4
192 800 7
192 958 24
192 971 3
193 324 25
193 342 36
193 375 29
193 464 59
193 524 37
193 693 2
193 776 58
193 816 33
193 963 89
194 266 43
194 348 55
194 617 23
194 672 29
194 873 1
194 896 66
194 946 8
195 206 31
195 235 84
195 284 14
195 366 42
195 402 83
195 403 1
195 646 52
195 750 94
195 906 28
196 255 17
196 265 57
196 269 43
196 381 62
196 513 51
196 566 32
196 939 34
197 285 89
197 530 90
197 573 93
197 735 81
197 737 9
197 910 5
197 918 60
197 996 86
198 345 35
198 513 91
198 552 93
198 644 45
198 926 64
199 344 19
199 496 30
199 650 13
199 799 63
200 236 62
200 262 59
200 419 63
200 548 92
200 572 27
200 620 30
200 965 70
200 972 57
200 981 16
201 583 71
201 652 42
201 877 30
201 882 88
202 418 64
202 563 2
202 714 37
202 873 25
202 991 12
203 338 42
203 393 43
203 470 18
203 478 8
203 507 34
203 687 86
203 773 55
203 782 98
203 787 64
203 952 37
204 206 70
204 648 75
204 783 72
204 790 15
204 916 56
204 980 61
205 384 51
205 488 51
205 517 42
205 632 42
205 716 32
205 721 80
205 734 29
205 822 15
205 834 65
205 839 88
205 882 78
205 898 85
205 901 71
206 427 83
206 550 11
206 558 31
206 604 66
206 900 9
207 320 5
207 464 90
207 474 13
207 519 58
207 589 53
207 594 44
207 674 99
207 727 22
207 981 2
208 276 48
208 304 17
208 366 25
208 576 37
208 633 61
208 879 74
208 922 95
208 932 69
208 986 30
209 250 22
209 300 87
209 328 29
209 467 40
209 517 17
209 612 17
210 295 72
210 366 75
210 386 4
210 398 12
210 432 45
210 458 12
210 459 28
210 576 76
210 596 49
210 617 21
210 714 27
210 771 88
210 843 16
210 851 57
210 873 67
210 888 99
210 978 41
211 239 39
211 357 99
211 366 41
211 392 72
211 439 27
211 638 43
211 666 32
211 775 25
211 782 30
211 793 53
211 798 56
211 828 54
211 915 18
211 955 74
212 255 83
212 544 8
212 598 47
212 600 31
212 618 98
212 687 24
212 721 58
212 877 50
212 893 84
213 268 99
213 314 64
213 575 67
213 603 89
213 626 24
213 749 42
213 907 76
214 227 67
214 318 26
214 456 24
214 512 44
214 513 15
214 671 61
214 754 36
214 863 58
214 912 39
214 988 14
214 990 57
215 290 79
215 310 81
215 634 29
215 663 6
215 731 100
215 831 55
216 235 32
216 269 68
216 446 9
216 550 54
216 613 6
216 806 24
216 965 85
217 244 92
217 322 73
217 360 47
217 770 91
217 799 71
217 834 31
217 873 38
217 885 48
217 967 33
217 986 56
218 236 72
218 306 29
218 454 22
218 817 36
218 874 56
218 915 11
219 285 56
219 610 60
219 671 52
219 723 92
219 755 88
219 964 3
220 223 97
220 226 9
220 246 41
220 399 15
220 408 97
220 425 70
220 942 100
220 972 31
221 383 83
221 456 45
221 697 94
221 954 75
221 980 67
222 226 69
222 302 87
222 364 27
222 413 34
222 459 30
222 608 42
222 683 32
222 710 68
222 737 74
222 823 27
223 455 69
224 254 16
224 547 64
224 858 95
224 869 12
225 348 32
225 404 50
225 420 55
225 504 40
225 915 9
226 252 17
226 266 82
226 350 69
226 398 49
226 409 63
226 413 29
226 431 13
226 432 65
226 519 55
226 762 50
226 772 34
226 817 21
226 841 38
226 901 47
226 915 25
226 927 1
226 939 78
226 940 53
227 310 28
227 319 96
227 607 97
227 673 62
227 809 40
228 296 32
228 303 23
228 325 79
228 344 16
228 454 24
228 742 49
228 743 74
228 809 10
228 863 58
228 891 64
229 313 21
229 451 62
229 733 3
229 871 3
229 873 19
230 365 40
230 402 46
230 468 48
230 627 37
230 777 68
230 916 84
231 354 55
231 360 4
231 485 3
231 687 94
231 837 29
231 945 37
231 981 51
232 300 91
232 334 5
232 367 69
232 369 61
232 520 32
232 650 75
232 656 36
232 670 50
232 722 83
232 806 63
232 955 49
232 964 33
233 324 23
233 378 57
233 497 23
233 801 15
234 289 68
234 305 34
234 599 70
234 624 81
234 740 38
234 867 36
234 978 8
235 413 86
235 636 49
235 898 9
235 910 4
235 956 8
235 990 53
236 468 86
236 522 96
236 662 87
237 270 81
237 364 76
237 671 46
237 688 15
237 717 65
238 311 37
238 469 12
238 537 54
238 572 55
238 757 13
238 765 96
238 766 26
238 790 23
238 828 95
238 906 1
239 260 38
239 348 44
239 505 38
239 537 44
239 581 56
239 716 51
239 788 83
239 791 12
239 841 97
239 876 69
239 970 81
240 730 76
240 877 17
241 477 15
241 506 84
241 595 49
241 760 78
241 838 9
241 841 66
241 872 89
241 890 14
241 899 12
242 450 59
242 481 6
242 659 21
242 884 40
242 903 66
243 258 44
243 494 51
243 512 11
243 610 15
243 649 21
243 726 89
243 762 10
243 818 26
243 996 87
244 327 71
244 409 2
244 649 85
244 724 20
244 817 85
244 935 50
245 331 46
245 436 64
245 540 19
245 984 79
246 302 17
246 312 38
246 433 20
246 435 76
246 476 80
246 979 77
247 343 4
247 346 33
247 404 74
247 430 29
247 523 27
247 684 38
247 692 52
247 959 63
247 974 50
248 836 45
248 856 15
248 924 43
249 379 94
249 426 82
249 738 90
249 784 61
249 807 12
249 818 49
249 925 64
249 951 39
250 334 74
250 425 2
250 610 75
250 624 87
250 638 55
250 648 20
250 707 38
250 975 76
251 278 1
251 331 30
251 384 83
251 522 65
251 606 12
251 898 37
251 974 64
251 982 24
251 998 8
252 473 23
252 494 16
252 584 19
252 724 8
252 734 56
252 745 45
252 835 99
253 358 67
253 459 5
253 474 60
254 377 92
254 423 22
254 431 3
254 436 52
254 556 15
254 718 71
254 846 30
254 963 69
255 272 4
255 292 10
255 299 77
255 310 65
255 489 42
255 539 25
255 621 85
255 768 89
255 786 66
256 328 92
256 379 47
256 461 28
256 501 94
256 557 92
256 605 25
256 625 13
256 765 45
256 839 18
257 334 1
257 370 48
257 473 6
257 721 97
257 744 80
257 845 2
257 951 63
258 361 25
258 546 83
258 571 43
258 573 19
258 643 62
258 744 12
258 814 64
258 903 4
258 932 79
258 937 27
258 965 53
258 996 67
259 389 80
259 409 90
259 582 75
259 637 23
259 676 15
259 697 71
259 776 46
259 805 38
260 417 18
260 475 22
260 629 87
260 806 10
260 882 29
260 970 36
261 289 46
261 702 99
261 856 49
262 345 55
262 425 61
262 562 66
262 592 16
262 682 73
262 828 8
262 892 73
263 352 47
263 599 53
263 601 29
263 623 62
263 748 71
263 890 28
263 919 12
264 353 16
264 364 64
264 487 93
264 740 16
264 758 88
264 916 66
265 342 40
265 482 2
265 795 46
266 468 91
266 658 75
266 740 65
267 270 18
267 336 23
267 458 5
267 463 57
267 471 25
267 682 50
267 689 15
267 820 49
268 294 81
268 385 67
268 659 34
268 764 20
268 800 87
268 818 24
268 819 48
269 295 11
269 541 52
269 588 87
269 680 71
269 727 35
269 738 72
269 794 31
269 841 51
269 851 24
269 917 24
269 952 34
270 333 32
270 481 59
270 722 48
270 787 22
270 998 50
271 353 40
271 395 64
271 460 68
271 498 69
271 512 8
271 541 1
271 627 81
271 644 10
271 760 37
271 849 97
271 856 33
271 999 10
272 324 57
272 362 52
272 397 26
272 408 14
272 472 78
272 748 68
272 749 92
272 770 34
272 923 32
272 938 40
273 347 97
273 386 79
273 622 77
273 695 32
273 745 90
273 784 2
274 321 19
274 333 44
274 371 36
274 666 46
274 674 28
274 990 1
275 276 65
275 380 42
275 416 82
275 606 85
275 752 11
275 890 39
276 310 62
276 349 57
276 360 69
276 429 5
276 477 81
276 712 21
276 727 47
276 814 95
276 905 37
276 942 70
277 318 78
277 326 25
277 420 64
277 473 39
277 868 86
277 949 53
277 975 48
278 295 83
278 362 73
278 468 9
278 580 34
278 828 17
278 870 94
278 970 42
278 978 63
279 366 3
279 399 44
279 420 96
279 494 57
279 547 56
279 573 55
279 581 7
279 703 19
279 930 33
280 516 93
280 669 93
280 885 37
280 989 14
280 990 3
281 324 93
281 487 8
281 686 40
281 827 73
281 878 35
281 910 1
281 968 74
282 284 61
282 312 99
282 363 78
282 827 19
282 856 42
282 896 97
283 342 21
283 374 1
283 409 14
283 488 95
283 494 14
283 500 29
283 526 58
283 771 27
283 830 77
283 859 91
283 917 12
283 949 32
283 973 20
283 974 90
283 990 22
284 391 26
284 482 43
284 495 59
284 663 3
284 722 51
284 724 87
285 420 47
285 463 22
285 495 63
285 518 11
285 631 3
285 716 14
285 747 12
285 867 61
285 868 81
286 362 46
286 371 37
286 379 57
286 458 43
286 544 43
286 810 83
286 891 2
286 919 96
286 920 78
286 977 2
287 521 52
287 673 78
287 793 62
287 917 35
287 961 67
288 591 99
288 617 56
288 765 93
288 784 74
288 804 38
288 844 96
288 922 26
289 302 41
289 305 40
289 412 90
289 531 23
289 762 5
289 918 97
289 932 86
289 984 58
290 473 64
290 733 78
290 740 70
290 745 45
290 748 48
290 978 97
291 372 73
291 391 72
291 392 40
291 499 14
291 672 55
291 830 33
291 835 47
291 850 95
291 954 2
292 296 2
292 506 56
292 558 46
292 736 6
292 757 66
292 871 72
292 948 82
293 823 90
293 850 100
293 879 80
293 899 2
293 944 4
294 370 42
294 423 67
294 611 96
294 630 95
294 725 56
294 751 17
294 916 60
295 353 25
295 643 55
295 881 31
295 888 53
295 994 30
296 337 37
296 339 12
296 369 7
296 393 74
296 482 91
296 531 45
296 633 18
296 659 78
296 673 37
296 683 82
296 832 74
296 980 61
297 707 26
297 944 43
297 953 84
297 997 61
298 330 12
298 515 51
298 661 39
298 768 65
298 853 19
298 924 8
298 965 98
299 312 78
299 562 29
299 564 45
299 656 65
299 666 75
299 689 98
299 741 40
299 752 50
299 807 59
299 817 98
299 825 40
299 884 28
299 907 53
299 946 18
300 355 55
300 377 57
300 411 90
300 594 43
300 600 28
300 673 96
300 835 97
300 876 42
300 951 100
301 417 12
301 580 7
301 581 68
301 582 3
301 585 10
301 626 60
301 711 8
301 762 63
301 820 81
301 827 30
301 884 66
301 935 81
302 304 74
302 413 38
302 427 57
302 542 33
302 586 2
302 601 84
302 638 62
302 928 1
303 393 97
303 618 72
303 780 1
303 875 40
303 882 68
303 901 14
303 963 85
303 966 13
303 971 53
304 363 2
304 506 3
304 528 49
304 563 48
304 591 30
304 681 95
304 786 25
304 956 38
304 994 83
305 376 41
305 536 67
305 570 14
305 575 82
305 702 97
306 452 80
306 497 68
306 520 72
306 527 43
306 663 27
306 710 16
306 793 37
306 948 78
307 424 67
307 640 1
307 707 18
307 726 60
307 833 1
307 960 35
308 435 38
308 668 71
308 687 11
308 817 91
308 890 28
308 900 67
308 923 97
309 371 11
309 397 99
309 526 47
309 573 100
309 724 13
309 756 11
310 437 54
310 577 92
310 692 17
310 909 93
311 641 76
311 747 84
311 773 76
311 836 48
311 841 93
312 348 20
312 409 92
312 437 77
312 475 16
312 479 100
312 555 75
312 556 87
312 801 66
312 836 26
312 866 72
312 932 52
313 323 49
313 332 24
313 383 68
313 448 2
313 523 96
313 584 12
313 605 39
313 682 92
313 786 5
313 792 95
313 794 34
314 340 87
314 579 77
314 701 35
314 744 37
314 804 90
314 933 49
315 554 36
315 648 45
315 774 1
315 855 16
315 937 89
315 941 76
315 976 62
316 581 10
316 591 96
316 605 25
316 687 87
316 716 12
316 793 56
317 325 55
317 524 79
317 541 17
317 556 87
317 584 86
317 716 5
317 795 10
317 895 97
318 332 55
318 413 97
318 619 80
318 634 44
318 766 31
318 862 71
318 957 41
319 322 98
319 403 29
319 409 73
319 520 44
319 554 9
319 579 87
319 613 8
319 661 36
319 898 64
319 923 57
319 946 26
319 971 3
320 403 79
320 447 40
320 461 85
320 469 16
321 489 3
321 697 51
321 708 91
322 511 87
322 553 52
322 662 7
322 688 27
322 737 88
322 808 16
322 853 61
322 953 12
322 977 79
323 470 37
323 479 72
323 666 12
323 722 44
323 811 84
323 866 68
324 373 31
324 396 86
324 433 19
324 495 52
324 581 10
324 700 58
324 759 67
324 830 96
324 900 16
325 405 60
325 521 30
325 539 53
325 609 3
325 827 39
325 875 32
326 432 30
326 640 38
326 663 68
326 723 44
326 940 12
326 994 12
327 398 47
327 423 24
327 435 48
327 447 35
327 771 54
327 801 64
327 916 96
327 969 10
328 535 71
328 571 58
328 653 68
328 681 20
328 685 51
328 887 39
328 997 97
329 547 71
329 701 85
329 748 18
329 952 85
330 356 55
330 440 37
330 490 91
330 563 77
330 596 61
330 621 90
330 740 51
330 748 2
330 773 15
330 926 34
330 928 70
330 987 31
331 385 10
331 501 21
331 543 13
331 713 16
331 721 14
331 758 35
331 808 30
331 855 3
331 882 41
332 411 99
332 464 8
332 534 80
332 725 83
332 734 89
332 776 50
332 798 19
332 804 26
332 811 85
333 449 79
333 524 34
333 528 3
333 622 20
333 653 79
333 685 10
334 808 72
334 843 87
334 988 5
335 359 74
335 556 46
335 840 53
335 916 64
336 574 59
336 608 60
336 623 48
336 737 23
336 947 92
337 448 12
337 589 35
337 610 8
337 612 64
337 613 49
337 862 22
337 998 31
338 420 24
338 439 8
338 459 1
338 504 92
338 574 24
338 835 19
338 909 14
338 975 83
339 681 9
339 748 100
339 753 70
339 821 5
339 825 97
339 826 44
339 867 69
339 874 96
339 986 15
340 405 51
340 622 57
340 833 20
341 466 49
341 559 55
341 693 59
341 829 100
341 898 92
341 923 26
341 941 93
341 972 49
341 991 79
342 429 95
342 465 49
342 719 56
342 903 60
342 927 96
343 404 29
343 500 53
343 666 50
343 689 77
343 742 38
343 764 95
343 949 31
344 365 53
344 394 92
344 460 100
344 593 59
344 618 57
344 629 81
344 703 99
344 708 64
344 723 44
344 777 48
344 818 95
345 399 84
345 430 41
345 569 58
345 718 44
345 770 60
345 792 93
346 702 77
346 735 26
346 933 81
347 380 10
347 417 71
347 579 28
347 748 85
347 777 1
347 785 72
347 880 82
348 408 20
348 420 47
348 432 62
348 628 41
348 715 39
348 787 62
348 829 39
348 932 21
348 933 19
349 377 83
349 617 35
349 642 96
349 714 19
349 928 41
350 372 23
350 453 97
350 474 84
350 519 56
350 531 63
350 648 96
350 812 4
350 850 34
350 971 23
351 378 14
351 389 98
351 730 96
351 821 68
351 844 30
351 999 41
352 830 82
352 842 27
352 906 98
353 403 14
353 483 93
353 517 10
353 522 21
353 594 75
353 786 14
353 814 60
353 899 24
353 987 40
354 433 25
354 550 88
354 707 30
354 777 17
354 831 8
355 364 56
355 372 39
355 634 90
355 648 63
355 680 30
355 793 30
355 831 56
355 854 13
355 991 26
356 362 61
356 556 85
356 748 81
356 828 90
356 916 26
356 925 66
357 496 97
357 623 24
357 652 34
357 751 91
357 892 19
358 360 83
358 400 28
358 407 89
358 453 44
358 613 91
358 740 46
358 787 33
359 366 81
359 387 86
359 413 38
359 458 94
359 517 89
359 588 8
359 604 54
359 607 17
359 789 88
359 919 86
359 982 43
360 503 70
360 654 39
360 773 54
360 848 24
361 657 48
361 910 89
362 430 34
362 557 71
363 401 18
363 425 35
363 428 82
363 548 52
363 598 75
364 606 16
364 866 33
364 889 31
364 957 74
365 404 9
365 530 26
366 395 89
366 479 87
366 559 1
366 670 6
366 994 20
367 452 90
367 644 34
367 648 27
367 702 64
367 831 95
367 832 20
367 889 10
367 929 84
367 962 64
368 463 7
368 542 81
368 582 84
368 697 64
368 715 99
368 783 36
368 788 86
368 922 10
369 383 56
369 431 67
369 552 42
369 599 21
369 691 18
369 794 66
369 904 40
370 376 7
370 395 86
370 417 91
370 537 15
370 563 51
370 671 11
370 673 15
370 752 93
370 801 39
370 858 53
370 960 63
370 970 29
371 715 100
371 746 5
371 793 2
371 983 36
372 435 8
372 453 53
372 516 37
372 562 61
372 906 66
372 917 51
373 411 51
373 426 79
373 461 43
373 671 48
373 675 94
373 688 90
373 769 61
373 780 7
373 870 92
373 875 66
373 992 81
374 578 61
374 665 15
374 717 73
374 750 92
374 818 90
374 873 11
374 880 79
374 941 61
375 621 12
375 749 95
375 872 49
375 976 88
376 430 8
376 476 96
376 663 97
376 965 24
377 439 33
377 446 69
377 473 4
377 701 3
377 801 35
377 812 63
378 584 46
378 731 70
378 756 11
378 860 50
378 988 76
379 422 98
379 492 29
379 608 10
379 697 5
379 817 86
379 837 35
379 870 24
379 925 52
380 485 28
380 588 100
380 925 100
381 739 1
381 836 70
381 866 13
381 980 92
382 408 74
382 561 43
382 650 63
382 692 78
382 768 73
382 785 31
382 837 87
383 512 8
383 547 75
383 580 6
383 840 58
383 904 70
383 970 25
384 432 64
384 537 60
384 796 33
384 842 19
385 414 70
385 521 68
385 567 57
385 838 73
385 895 99
385 904 93
386 394 69
386 460 61
386 507 76
386 542 3
386 619 4
386 655 18
386 834 38
386 955 26
387 432 35
387 439 100
387 513 30
387 603 77
387 678 23
387 683 86
387 898 94
387 901 85
387 928 99
388 391 46
388 406 27
388 492 33
388 574 91
388 713 1
388 880 98
388 951 88
388 953 38
389 430 63
389 442 80
389 495 77
389 525 19
389 587 14
389 926 5
389 927 20
390 420 82
390 543 34
390 750 95
390 779 61
390 813 85
390 835 89
391 487 70
391 539 91
391 581 20
391 593 99
391 777 19
391 857 62
391 987 70
391 989 34
391 991 12
392 651 21
392 856 42
392 910 35
393 454 80
393 520 31
393 521 32
393 772 100
393 850 45
393 907 37
393 938 92
394 423 68
394 629 43
394 924 69
395 399 9
395 463 90
395 600 57
395 635 82
395 662 2
395 779 96
395 812 64
395 817 88
395 883 82
396 484 20
396 542 33
396 657 35
396 668 34
396 692 63
396 748 87
396 974 79
397 433 56
397 457 27
397 532 48
397 739 98
397 749 7
397 936 6
397 955 76
397 999 81
398 640 15
398 944 61
399 433 13
399 547 98
399 604 38
399 636 63
399 695 71
399 725 94
399 746 69
399 943 63
400 414 98
400 431 40
400 541 40
400 603 31
400 719 54
400 750 12
400 782 32
400 857 83
400 911 99
400 941 60
401 610 53
401 674 8
401 921 60
402 492 55
402 904 64
402 937 84
402 963 41
403 450 89
403 520 97
403 651 47
403 662 10
403 748 44
403 811 36
403 851 63
403 987 42
403 997 8
403 998 67
404 409 77
404 481 16
404 487 71
404 712 41
404 800 57
404 843 13
404 845 82
404 931 87
405 451 62
405 725 12
405 741 18
405 806 6
405 879 79
405 977 14
406 494 51
406 569 91
406 639 48
406 966 73
407 502 62
407 511 61
407 658 29
407 711 74
407 735 81
407 840 33
407 938 90
407 948 46
407 949 28
408 417 39
408 803 37
408 811 81
408 898 74
408 979 30
409 414 38
409 532 38
409 621 82
409 663 52
409 720 61
409 779 55
409 846 2
409 957 4
410 476 28
410 759 20
410 847 65
411 582 1
411 616 44
411 642 97
411 650 67
411 794 90
411 820 51
411 874 58
411 958 76
412 419 66
412 458 28
412 574 47
412 668 46
412 859 28
413 475 80
413 578 12
413 584 93
413 608 60
413 969 68
414 434 4
414 438 18
414 477 96
414 530 49
414 946 58
415 503 54
415 822 79
415 832 75
415 896 39
415 952 97
416 425 70
416 635 55
416 952 92
417 730 13
417 801 89
417 860 6
418 725 96
418 779 87
418 802 88
418 972 35
419 460 14
419 510 66
419 617 59
419 784 79
420 440 1
420 500 46
420 606 49
420 629 61
420 632 52
420 664 39
420 734 30
420 752 20
420 910 7
420 983 36
421 443 21
421 467 11
421 513 99
421 785 29
421 834 73
421 962 91
422 505 9
422 666 82
422 679 57
422 744 76
422 756 52
422 874 6
423 542 89
423 626 22
423 659 59
423 777 17
423 791 96
424 782 96
424 867 19
424 936 96
425 472 74
425 502 96
425 513 13
425 541 42
425 605 29
425 979 42
426 522 9
426 737 57
426 813 15
427 638 87
427 911 84
427 981 58
427 989 93
428 473 30
428 725 79
428 800 11
428 940 61
429 456 65
429 534 52
429 630 49
429 633 100
429 637 20
429 726 43
429 759 75
429 805 1
429 866 6
429 871 14
429 976 45
430 521 72
430 608 54
430 610 71
430 813 42
430 873 21
430 923 90
431 456 81
431 555 38
431 569 44
431 600 1
431 666 63
431 747 19
431 783 48
431 791 36
431 805 28
431 820 97
431 973 86
432 890 91
432 936 66
433 492 98
433 505 1
433 570 98
433 775 57
434 800 3
434 888 40
435 507 30
435 536 33
435 587 97
435 896 95
436 450 55
436 488 75
436 505 41
436 584 17
436 592 46
436 633 74
436 678 21
436 708 90
436 737 86
436 786 54
436 812 12
436 878 94
437 446 25
437 521 11
437 585 98
437 668 89
437 996 74
438 537 88
438 549 12
438 564 11
438 584 92
438 744 14
438 778 100
438 817 23
438 872 23
438 879 84
438 923 31
439 543 13
439 681 90
439 731 11
439 749 71
439 914 54
440 729 81
440 743 86
440 817 14
440 834 19
440 868 1
440 878 86
440 926 19
441 563 48
441 637 67
441 664 78
441 759 99
441 799 98
441 833 66
441 847 1
441 868 15
441 981 62
442 479 67
442 484 84
442 534 46
442 553 3
442 559 2
442 747 47
442 935 82
443 446 14
443 564 24
443 579 58
443 651 89
443 714 52
443 769 98
443 799 8
443 858 76
444 471 14
444 540 43
444 588 47
444 605 31
444 669 75
444 726 43
444 760 23
444 874 69
444 943 73
445 587 47
445 609 21
445 803 18
445 808 54
445 884 15
445 894 67
446 571 16
446 601 25
446 611 69
446 771 72
446 871 52
447 578 62
447 644 48
447 777 91
447 943 44
448 481 67
448 646 85
448 698 54
448 701 45
448 745 71
448 792 52
448 864 92
448 936 35
448 944 97
449 490 86
449 601 49
449 633 50
449 720 67
449 760 57
449 840 3
449 846 29
449 886 71
449 915 37
449 927 31
450 501 58
450 570 34
450 690 17
450 823 70
450 861 7
451 452 78
451 481 99
451 568 3
451 780 78
451 804 73
451 939 82
452 459 9
452 575 39
452 633 43
452 661 84
452 712 69
452 860 64
452 904 31
453 710 78
453 851 60
453 877 73
454 715 54
454 828 23
454 841 47
454 975 92
455 627 90
455 654 3
455 747 49
455 882 33
455 923 98
456 518 34
456 545 72
456 774 14
456 777 30
456 852 99
457 782 5
457 795 53
457 841 3
457 847 16
457 927 58
458 466 80
458 681 69
458 737 11
458 757 35
458 791 29
458 969 38
459 879 61
460 471 76
460 491 43
460 654 54
460 661 5
460 714 94
460 885 26
460 886 76
461 529 25
461 656 22
461 834 82
461 999 92
462 566 45
462 704 12
462 918 23
462 969 16
463 502 8
463 597 32
464 580 28
464 631 26
464 753 62
464 805 26
464 823 73
464 862 31
464 921 36
464 945 100
464 955 34
464 990 36
465 689 93
465 792 14
466 778 67
466 861 48
466 965 32
467 508 11
467 551 64
467 689 64
467 707 69
467 711 36
467 713 77
467 794 47
468 513 21
468 613 55
468 942 57
468 960 57
469 566 99
469 726 88
469 846 36
469 898 91
469 942 5
470 551 72
470 900 82
471 600 46
471 710 89
471 808 9
471 974 56
472 495 40
472 582 27
472 678 21
472 730 50
472 876 2
472 937 14
473 541 19
473 733 65
473 913 77
474 487 96
474 601 20
474 617 39
474 714 66
474 815 19
474 952 30
474 958 53
475 495 1
475 554 9
475 759 22
476 596 74
476 693 59
476 818 29
477 494 58
477 668 52
477 736 70
477 815 75
477 913 7
478 667 40
478 771 26
478 856 29
479 660 47
479 854 34
479 918 34
480 490 67
480 553 32
480 694 91
480 785 58
480 841 5
480 892 65
480 910 84
481 520 1
481 766 15
481 808 51
481 868 12
481 922 93
482 492 32
482 792 45
483 501 56
483 556 70
483 574 5
483 622 64
483 662 80
483 821 25
484 560 42
484 635 1
484 683 28
484 818 92
484 892 30
484 903 88
484 957 71
485 585 17
485 787 84
485 883 68
485 922 77
485 923 9
486 540 61
486 560 82
486 601 40
486 651 6
486 675 81
486 710 21
486 825 10
487 653 75
488 494 63
488 558 37
488 630 88
488 657 89
488 669 37
488 759 80
488 778 38
488 885 20
489 724 9
489 785 68
489 881 80
489 920 72
489 930 51
489 965 12
489 983 12
490 574 76
491 560 2
491 769 59
491 818 67
491 964 24
492 637 90
492 765 8
492 818 5
492 832 1
492 921 76
492 969 36
493 504 25
493 580 36
493 656 7
493 873 84
493 922 13
493 934 36
494 573 9
494 613 14
494 699 31
494 706 83
494 729 63
494 892 38
494 984 7
495 531 92
495 785 73
495 821 36
495 877 70
495 947 88
496 504 76
496 581 40
496 617 98
496 740 79
496 848 41
496 917 1
496 976 31
496 998 94
497 615 84
497 646 36
497 949 28
497 980 12
498 522 6
498 576 66
498 655 89
498 692 100
498 752 7
498 762 32
498 810 83
498 818 28
498 880 94
499 587 53
499 675 75
499 753 9
499 864 35
499 917 91
500 723 44
500 784 50
500 853 88
500 918 38
500 934 62
501 502 5
501 557 79
501 580 23
501 597 100
501 628 1
501 691 47
501 989 67
502 601 81
502 623 70
502 645 44
502 770 34
502 860 74
502 911 83
502 930 33
503 675 22
503 680 100
503 690 57
504 711 50
504 796 80
504 867 68
504 932 27
504 982 17
505 527 91
505 648 37
505 758 72
505 911 47
505 941 74
505 999 76
506 723 22
506 748 25
506 810 87
507 798 62
507 830 38
507 940 45
507 965 69
507 993 71
508 762 50
508 800 74
508 843 44
508 853 48
508 918 64
509 546 14
509 606 32
509 629 44
509 880 94
510 595 36
510 813 20
510 859 24
510 894 37
510 927 75
511 543 76
511 586 93
511 641 75
511 652 55
511 757 93
511 830 53
511 856 57
511 884 8
511 885 63
511 994 7
512 537 85
512 585 27
512 599 60
512 677 85
512 975 22
513 521 7
513 534 12
513 659 77
513 728 38
513 795 5
513 980 9
514 695 72
514 726 51
514 795 10
515 531 63
515 628 52
515 655 58
515 692 55
515 752 96
515 818 19
515 992 100
516 631 59
516 650 45
516 918 92
516 924 34
517 587 88
517 646 87
517 761 50
517 881 73
517 943 27
517 950 94
518 695 97
519 561 8
519 562 42
519 691 12
519 916 10
520 555 36
520 702 49
520 808 95
520 813 51
520 871 10
520 954 30
521 585 14
521 594 70
521 617 55
521 841 25
521 995 35
522 578 31
522 580 42
522 591 15
522 595 36
522 713 48
522 752 86
522 813 50
522 835 59
522 948 63
523 653 72
523 691 36
523 735 24
523 814 54
523 831 92
523 953 8
523 954 79
523 968 42
524 658 18
524 713 80
524 909 36
525 532 51
525 543 29
525 571 78
525 573 1
525 581 86
525 662 34
525 782 58
525 880 3
525 898 63
525 919 36
525 952 61
526 540 33
526 545 1
526 686 82
526 839 86
526 877 25
526 919 85
526 944 54
526 953 24
527 587 91
527 603 61
527 751 47
528 689 36
528 724 98
529 549 4
529 637 27
529 794 76
529 811 93
529 845 95
529 914 29
530 586 37
530 736 6
530 858 51
530 987 95
531 601 80
531 623 31
531 739 22
532 655 95
532 676 98
532 914 34
532 954 44
533 722 29
533 780 29
533 806 96
534 719 21
534 876 65
534 990 79
535 615 93
535 760 69
535 766 61
535 781 34
535 853 37
535 889 44
536 581 5
536 655 97
536 768 61
536 775 46
536 823 12
536 891 76
536 975 56
537 599 32
537 696 19
537 706 90
537 732 52
537 764 80
537 799 37
537 812 49
537 901 58
538 572 88
538 586 16
538 614 42
538 835 5
538 898 2
538 966 19
538 994 77
539 630 17
539 639 88
539 663 94
539 803 50
539 866 68
539 921 75
540 614 91
540 620 83
540 774 56
540 779 14
540 802 77
540 864 61
540 990 68
541 675 20
542 688 62
542 742 20
542 857 18
542 911 41
543 746 86
543 841 80
543 882 16
543 897 56
544 684 78
544 822 92
544 863 19
545 583 18
545 668 81
545 677 56
545 701 37
545 737 56
545 937 74
546 562 62
546 632 22
546 673 90
546 820 62
546 863 87
546 996 26
547 768 94
547 812 69
548 595 80
548 616 62
548 719 52
548 932 4
548 957 49
548 959 76
549 640 86
549 653 90
549 694 6
549 902 90
550 730 48
550 763 50
550 816 4
550 819 55
550 842 76
550 895 79
550 930 99
550 973 87
551 559 1
551 606 81
551 734 10
551 803 32
551 857 73
552 633 22
552 760 74
552 877 87
553 687 19
553 768 26
553 778 49
553 811 33
553 821 39
553 931 37
553 943 95
553 976 21
553 996 68
554 690 72
554 767 80
554 881 43
554 993 30
555 569 1
555 627 86
555 675 69
555 832 52
555 870 36
555 924 55
556 624 34
556 847 41
556 866 61
556 961 24
557 574 37
557 638 37
557 721 46
557 723 82
557 977 5
558 944 83
558 949 80
559 631 32
559 679 50
559 812 56
559 827 64
560 650 70
560 800 96
560 901 24
560 905 8
560 977 1
561 746 46
561 748 69
561 798 73
561 800 66
561 829 65
561 908 18
561 911 53
562 634 83
562 646 12
562 735 8
562 907 93
562 977 59
563 601 53
563 821 90
563 923 52
563 981 80
564 598 4
564 703 44
564 745 19
565 570 57
565 721 17
565 830 66
565 861 53
565 892 48
565 902 28
565 918 82
565 926 63
565 968 13
566 649 57
566 986 17
567 571 11
567 642 92
567 718 42
567 755 52
567 881 40
567 972 64
568 587 30
568 593 66
568 603 20
568 622 58
568 678 95
568 714 26
568 996 81
569 644 17
569 668 68
569 684 32
569 984 68
570 628 38
570 803 36
571 679 68
571 803 90
571 966 52
572 750 28
572 764 92
572 830 18
572 879 7
573 625 96
573 679 87
573 681 99
573 748 16
573 825 87
573 863 23
573 998 51
574 591 68
574 689 2
574 743 6
574 833 45
574 897 4
574 905 4
575 611 99
575 669 92
576 623 64
576 687 96
576 740 33
576 791 86
576 843 16
576 853 20
576 863 18
577 634 88
577 678 67
577 743 10
577 862 46
577 881 1
577 892 76
577 983 88
578 599 64
578 666 70
578 750 8
578 778 44
578 965 80
579 675 16
579 770 57
579 793 3
579 940 28
580 688 5
580 759 57
580 778 42
581 659 30
581 827 72
581 911 26
582 794 43
582 920 45
584 597 96
584 971 71
585 680 65
585 783 60
585 803 85
585 833 49
585 855 92
585 939 32
585 955 24
586 790 71
586 924 30
587 841 45
587 863 35
587 869 77
587 879 18
588 727 52
588 824 63
588 968 52
588 988 8
589 596 4
589 654 85
589 687 18
589 766 70
589 817 35
590 773 16
590 796 53
590 935 78
591 945 21
591 958 82
592 682 50
592 944 3
592 971 16
592 991 97
593 862 24
594 624 74
594 756 61
594 936 92
595 646 31
595 780 37
595 883 54
595 986 15
596 638 61
596 941 46
596 965 19
597 825 84
598 857 77
599 606 68
599 683 42
599 834 45
600 627 94
600 897 73
601 606 37
601 649 92
601 708 81
601 768 11
601 915 49
602 629 57
602 635 69
602 665 71
602 718 46
602 812 86
603 808 34
604 886 20
604 887 90
604 892 31
604 894 64
604 983 53
604 999 75
605 647 74
605 701 18
605 708 4
605 873 18
605 917 14
606 665 66
606 877 85
606 972 56
607 653 25
607 799 9
607 912 21
607 920 100
608 950 66
608 982 98
608 984 18
608 988 46
609 618 17
610 617 99
610 705 71
610 974 83
611 618 28
611 628 61
611 726 30
611 745 18
611 965 67
613 629 12
613 685 43
613 726 91
613 969 55
614 769 51
614 809 46
614 832 19
614 911 18
615 730 99
615 837 69
615 977 4
616 798 23
616 954 51
617 643 4
617 646 68
617 876 8
618 649 94
618 706 80
618 763 52
618 826 72
618 845 32
619 924 34
620 822 24
620 880 28
620 968 45
621 653 10
621 816 1
621 830 32
621 859 78
621 990 70
622 699 91
622 719 18
622 814 65
622 851 50
623 657 11
623 663 14
623 675 95
623 717 83
623 915 9
623 932 17
623 960 100
624 647 52
624 922 82
624 931 65
624 970 27
625 653 81
625 828 13
625 866 11
625 973 94
626 656 53
626 788 83
626 906 89
626 926 28
627 733 94
627 837 79
627 912 61
628 635 47
628 908 13
628 933 41
628 953 11
628 965 62
628 971 49
628 997 2
629 750 15
629 756 86
629 866 86
629 940 37
629 963 59
630 710 13
630 733 51
630 744 82
630 982 94
631 796 87
631 900 69
631 911 82
631 964 10
631 976 41
632 696 39
632 881 38
632 919 29
633 700 13
633 901 27
633 934 6
633 975 8
633 979 51
634 643 9
634 695 94
634 735 99
634 860 6
634 892 11
635 710 3
635 718 39
635 745 60
635 774 75
635 934 1
636 665 2
636 790 48
636 824 91
636 904 93
636 912 49
637 640 42
637 887 57
637 933 79
637 940 46
637 988 47
638 778 4
638 842 30
639 689 65
639 695 37
639 721 51
639 796 42
640 646 53
640 684 61
640 719 54
640 754 90
640 852 32
640 962 83
641 675 29
641 738 29
641 788 22
641 912 8
642 710 2
642 743 26
642 792 13
642 897 76
643 644 58
643 675 99
643 960 38
644 749 68
644 786 60
644 904 52
645 782 62
645 930 6
646 724 8
646 734 40
646 895 33
647 718 16
647 761 99
647 810 21
647 897 56
647 967 88
648 686 67
648 696 2
648 711 47
648 804 23
648 811 73
648 827 39
648 994 90
649 869 90
649 880 72
650 794 48
650 940 6
651 712 80
651 775 65
651 873 67
652 688 54
652 779 13
652 801 76
652 803 33
652 868 93
653 802 19
653 822 42
654 667 96
654 673 97
654 954 59
655 734 72
656 798 58
656 856 83
656 993 16
656 997 48
657 818 73
657 825 97
657 872 88
657 916 4
657 937 83
657 956 55
658 659 49
658 715 77
658 816 64
659 733 3
659 865 16
659 942 81
660 794 63
660 902 19
660 921 56
660 935 30
660 986 91
661 732 86
661 742 4
661 842 75
663 757 26
663 784 56
663 829 48
664 699 94
665 745 58
665 981 59
666 686 52
666 784 4
666 826 20
666 983 34
667 733 63
667 844 13
668 853 37
668 968 83
670 683 67
670 888 31
670 952 81
671 848 95
671 933 99
672 680 67
672 713 92
672 811 34
672 819 68
672 850 47
672 882 76
673 721 76
673 773 12
673 853 92
673 972 47
673 973 76
673 992 100
674 751 85
674 779 54
674 811 39
674 839 75
674 976 70
675 704 51
675 739 90
675 743 17
676 744 7
676 765 66
676 887 95
676 894 57
676 961 53
676 978 52
677 707 20
678 680 42
678 970 57
678 976 95
679 961 99
680 838 28
680 955 13
680 976 96
681 760 46
681 817 61
682 686 88
682 748 36
682 797 17
682 900 21
682 987 71
683 757 76
683 765 14
683 859 93
683 889 83
684 851 61
684 943 78
685 878 55
685 999 98
686 884 35
686 922 41
686 983 62
687 744 87
687 760 44
687 772 79
687 858 17
687 861 45
688 886 28
688 899 44
689 856 91
689 983 28
690 726 3
690 810 95
690 855 11
690 863 75
690 882 60
690 892 26
690 974 16
691 831 43
691 869 27
692 906 90
693 850 67
693 887 95
693 937 33
693 965 57
694 770 55
694 891 56
694 969 72
695 774 45
695 775 28
695 804 35
695 818 31
696 709 18
696 711 47
696 890 44
697 901 43
697 920 32
698 764 63
698 860 97
698 985 23
699 819 13
699 933 62
700 715 97
700 763 68
700 800 61
700 835 59
700 842 32
700 901 55
701 851 4
701 867 71
702 851 22
703 709 27
703 807 66
703 811 51
703 920 82
704 731 38
704 818 78
705 712 53
705 739 59
705 760 37
705 762 66
705 916 59
706 707 60
707 779 13
708 735 35
708 750 66
708 754 77
708 811 49
708 904 58
708 977 80
709 740 51
709 751 18
709 844 46
709 873 36
710 916 1
711 731 76
711 872 62
711 961 29
711 973 88
712 723 11
712 755 40
712 937 49
713 737 26
713 961 60
714 727 83
715 914 95
716 742 24
716 878 17
716 918 96
716 957 38
717 774 21
717 785 1
717 981 12
718 776 60
718 861 33
718 987 34
719 747 9
719 867 53
719 869 70
719 916 66
719 932 17
719 999 32
720 813 81
720 863 61
721 817 14
721 830 50
721 958 93
722 776 89
722 808 45
722 996 88
724 740 94
724 926 24
725 788 18
725 826 68
725 884 35
725 886 88
727 754 74
727 790 60
727 803 99
728 786 5
729 752 26
730 820 52
730 876 20
730 998 21
731 866 51
731 935 5
733 760 62
733 792 9
733 883 40
733 919 26
733 924 87
734 863 27
734 953 52
735 796 33
736 826 34
736 859 11
736 880 47
737 799 66
737 867 67
737 880 98
737 936 15
738 770 38
738 773 63
738 776 16
738 816 48
738 881 66
738 925 28
738 939 63
739 754 89
739 898 31
740 750 90
740 768 3
740 912 42
740 948 16
741 763 22
741 774 7
743 838 83
744 932 71
745 969 99
746 849 73
746 914 48
748 758 75
748 800 29
749 753 93
749 757 23
749 836 38
749 983 13
750 863 87
750 909 56
750 917 41
750 919 82
751 884 10
751 904 77
752 915 54
753 812 42
753 851 92
753 890 98
754 933 31
754 943 68
755 824 91
755 989 49
756 851 6
757 847 79
757 922 36
758 792 83
758 936 71
759 816 40
759 858 5
759 875 51
760 766 12
760 852 16
760 866 90
760 924 65
760 957 14
761 802 80
761 950 65
762 850 66
762 873 42
762 913 47
763 778 64
763 792 47
763 840 40
763 961 67
764 833 57
764 940 23
765 892 98
765 926 88
767 826 42
767 900 5
767 912 7
767 999 80
768 788 24
768 846 3
768 880 56
769 978 72
770 823 29
770 828 73
770 954 82
771 781 42
771 809 99
771 869 92
771 949 9
772 859 37
772 892 54
773 793 29
773 842 54
773 914 49
773 917 33
774 793 75
774 912 49
774 952 39
775 850 47
776 935 24
776 939 79
777 806 79
777 829 63
777 884 66
777 975 17
778 837 44
779 812 49
779 829 68
780 839 80
780 970 77
780 976 65
781 812 5
782 987 39
783 845 75
783 852 22
783 955 99
784 824 35
784 928 18
785 947 39
785 961 7
785 962 75
785 996 39
786 895 2
786 906 78
786 941 97
787 848 100
787 850 49
787 960 15
787 967 16
788 926 84
789 865 80
789 927 35
790 845 56
790 994 70
791 937 84
791 994 34
792 838 34
793 812 26
793 833 62
793 962 43
794 806 43
796 822 3
796 864 30
797 900 65
797 910 77
797 968 78
797 975 2
798 954 87
799 926 32
799 950 27
800 841 36
800 861 82
801 854 92
801 889 36
801 890 33
801 907 99
802 984 67
802 993 14
803 955 86
804 876 5
804 962 98
807 856 91
807 881 76
807 964 42
807 970 30
808 946 14
809 879 2
810 898 20
811 978 50
812 888 42
812 911 24
813 857 74
813 865 77
813 931 12
814 835 84
814 924 91
814 952 73
814 954 29
814 956 18
814 982 29
815 835 40
815 836 40
815 913 24
815 924 46
815 942 24
816 944 2
818 839 24
819 851 19
819 923 61
819 938 47
820 946 89
821 850 54
821 890 45
821 947 57
822 985 12
824 845 76
824 855 19
824 980 60
825 900 84
826 875 66
826 918 48
827 838 50
828 870 43
829 833 82
829 866 93
830 981 62
830 982 19
831 890 92
831 992 42
832 951 6
834 945 35
835 885 36
835 929 76
835 998 67
837 906 85
839 846 6
839 958 10
840 972 59
840 999 86
842 965 94
843 910 32
843 966 25
844 866 29
845 851 90
845 994 28
846 853 65
846 942 23
848 865 57
848 968 79
849 976 2
849 977 73
851 964 96
851 981 84
852 893 51
852 906 76
852 980 52
853 912 42
853 935 39
854 900 37
854 985 9
855 893 66
855 918 12
856 961 61
857 940 32
861 993 69
862 956 21
864 896 50
864 925 48
864 966 64
866 976 87
867 993 71
868 929 81
868 993 45
869 884 17
869 946 37
870 962 52
870 964 68
871 879 99
872 908 78
872 992 44
872 994 78
873 880 9
874 929 47
875 956 67
876 906 20
876 925 5
876 931 43
876 957 83
877 925 30
878 900 61
879 895 4
880 882 32
880 885 5
880 923 98
881 954 8
881 958 39
881 983 91
881 992 33
884 925 53
884 931 9
884 938 40
885 892 39
885 915 36
885 954 61
885 959 84
885 982 84
886 932 5
886 969 81
887 930 60
888 901 64
889 968 50
891 928 26
891 956 31
891 968 59
891 982 44
892 906 45
892 955 17
892 979 19
892 981 69
893 909 97
894 926 33
895 906 100
897 954 47
897 997 61
899 901 27
900 985 19
901 907 24
901 920 56
903 924 15
903 976 5
904 991 1
906 997 10
907 908 87
907 918 14
908 942 59
909 947 8
910 922 23
912 946 75
913 968 93
913 985 74
915 933 41
916 943 57
919 928 88
919 978 53
920 963 24
921 926 55
921 967 45
922 968 49
923 943 60
926 934 83
928 954 17
928 981 71
934 942 96
937 977 43
937 981 29
938 983 51
939 946 85
940 956 37
941 965 54
944 964 39
949 959 12
949 986 39
950 981 31
951 966 52
952 955 88
953 963 93
954 969 35
958 964 76
960 975 35
963 990 70
963 992 56
969 996 59
970 997 21
971 998 21
972 985 67
972 990 86
973 980 64
974 976 84
974 988 66
974 993 54
984 985 11
992 995 30
