2000 4000
0 1 33
0 1999 17
0 2 34
0 1998 60
1 2 14
1 3 27
1 1999 22
2 3 41
2 4 51
3 4 19
3 5 98
3 129 46
3 452 72
4 5 3
4 6 49
5 6 36
5 7 19
6 7 36
6 8 61
7 8 2
7 9 80
7 1723 71
8 9 48
8 10 100
9 10 38
9 1414 95
9 765 18
9 1874 22
10 11 56
10 12 5
11 12 73
11 13 53
12 13 55
12 14 72
13 14 81
13 15 27
14 15 12
14 16 20
15 16 87
15 17 39
15 241 35
16 17 63
16 1813 15
17 18 37
17 19 62
17 297 69
18 19 86
18 20 66
19 20 68
19 1178 60
20 21 50
20 1680 23
21 22 82
21 1168 20
21 437 12
22 24 71
22 1762 21
22 451 91
22 1648 96
23 24 17
23 25 71
23 1310 85
24 25 79
24 26 93
24 361 25
24 1418 4
25 27 14
25 514 79
26 27 42
26 28 55
26 793 16
27 28 71
27 29 95
28 30 8
28 154 56
29 30 59
29 31 95
29 228 77
30 31 18
30 82 51
31 32 23
31 33 45
31 1111 98
32 33 41
32 34 54
32 897 37
33 34 50
33 35 12
34 35 84
34 36 36
34 1195 88
34 938 9
35 36 59
35 1607 58
36 37 3
36 38 51
37 38 97
37 39 10
38 40 50
38 1656 81
39 41 11
39 779 69
40 41 11
40 950 73
41 42 75
41 43 48
41 1540 28
42 43 76
42 1667 59
43 44 18
43 45 68
44 46 30
44 261 89
45 46 27
45 47 20
45 717 63
46 47 99
46 48 20
47 48 12
47 1646 96
48 49 89
48 50 29
49 50 1
49 51 80
50 51 65
50 52 80
51 52 12
51 53 20
52 53 60
52 54 78
52 736 99
53 54 78
53 55 74
54 55 24
54 873 47
54 1733 36
55 57 93
55 1381 90
56 58 67
56 1510 96
56 1524 19
57 58 39
57 59 61
58 59 27
58 60 95
59 60 61
59 61 39
60 61 48
60 62 41
61 63 56
61 690 52
62 63 49
62 64 19
62 900 37
62 1721 18
63 64 91
63 122 92
63 933 23
64 66 27
64 191 60
65 66 67
65 67 14
66 67 6
66 68 6
66 714 63
67 68 47
67 69 23
68 69 13
68 1488 36
69 70 19
69 71 63
70 71 62
70 72 15
71 73 62
71 1790 25
71 804 31
72 73 73
72 74 25
73 74 94
73 75 34
74 75 42
74 76 47
75 77 83
75 1958 50
75 1171 50
76 77 77
76 78 87
77 78 90
77 1086 46
78 79 2
78 80 10
79 80 28
79 81 96
79 152 5
79 1859 76
80 82 62
80 1100 22
81 83 87
81 1336 61
82 83 80
82 1237 7
83 84 42
83 85 14
84 85 63
84 86 59
85 86 75
85 87 40
86 87 78
86 88 24
87 88 70
87 89 92
88 89 46
88 90 72
89 90 18
89 91 45
90 91 51
90 92 41
90 485 61
90 1353 66
91 93 10
91 1688 85
92 93 10
92 1357 41
92 572 54
92 1463 72
93 94 99
93 95 9
94 95 59
94 96 56
94 722 65
95 96 84
95 97 5
96 97 86
96 98 42
96 180 33
97 98 28
97 99 90
98 100 79
98 1164 93
98 1316 1
99 100 26
99 1293 68
100 101 39
100 102 67
101 103 30
101 403 55
102 103 47
102 104 28
102 145 62
103 104 62
103 105 33
104 105 35
104 106 9
105 106 94
105 107 39
106 107 38
106 1928 42
106 114 1
107 108 28
107 109 69
107 1308 72
108 109 70
108 110 14
108 1145 47
109 110 4
109 111 82
110 111 81
110 112 29
111 112 6
111 113 39
112 113 77
112 114 16
113 114 97
113 1704 30
114 1320 90
115 1731 1
115 1693 37
115 1618 59
116 117 94
116 118 15
116 282 41
117 118 36
117 119 64
117 397 18
117 1079 41
118 119 86
118 120 59
118 878 93
119 120 68
119 121 12
120 121 91
120 122 66
121 1031 94
121 1514 26
122 123 13
122 124 92
123 124 85
123 125 64
124 125 24
124 126 52
125 126 4
125 1418 61
125 1072 38
125 169 96
126 127 7
126 128 32
127 128 96
127 129 76
128 129 98
128 130 23
129 130 25
130 131 89
130 132 59
131 132 76
131 133 90
131 1801 99
132 134 6
132 316 65
132 184 20
132 631 70
132 632 36
132 1242 27
132 1341 90
133 134 97
133 135 36
134 136 10
134 1666 3
134 530 31
134 859 45
135 137 20
135 401 37
136 137 18
136 138 21
137 138 52
137 139 90
138 140 81
138 899 7
138 804 69
139 140 62
139 1121 15
140 142 53
140 1127 42
141 142 21
141 496 81
142 143 33
142 904 58
143 144 48
143 1052 33
144 145 82
144 146 52
145 1383 72
146 147 40
146 148 19
147 148 75
147 149 64
147 1382 3
147 1554 32
148 149 56
148 1884 21
149 151 96
149 1065 30
150 151 23
150 152 28
150 412 59
151 153 59
151 1976 69
151 760 49
152 154 52
153 154 28
153 155 53
154 155 22
154 156 10
155 156 17
155 157 31
156 1979 34
156 1132 35
156 1572 61
157 158 79
157 159 76
158 160 26
158 995 21
159 160 63
159 1747 81
160 161 54
160 162 18
160 416 30
161 162 77
161 163 56
162 163 59
162 1793 16
163 164 29
163 165 92
164 165 1
164 166 47
165 166 54
165 167 25
166 167 13
166 168 12
167 168 39
167 1787 32
168 169 92
168 170 83
168 1313 67
168 1903 4
169 170 40
169 699 2
169 1606 38
170 171 37
170 172 72
171 172 11
171 173 62
171 294 42
171 1371 12
172 173 36
172 174 82
173 174 73
173 175 87
173 1941 32
174 175 18
174 1629 89
175 176 23
175 177 43
175 380 85
176 177 16
176 178 5
176 1896 78
177 178 74
177 687 52
178 179 69
178 1064 5
178 535 93
179 180 70
179 181 23
180 181 40
181 182 97
181 183 58
182 183 98
182 184 59
183 184 62
183 852 66
184 186 1
184 969 31
185 186 57
185 187 99
186 188 41
186 1936 42
187 1427 67
187 1526 65
187 827 74
188 189 85
188 190 17
189 190 99
189 191 69
190 1928 9
190 651 55
191 192 27
191 243 94
192 194 91
192 484 16
193 194 37
193 195 1
193 1636 13
194 195 48
194 196 29
195 1173 3
195 1683 48
195 391 10
196 198 27
196 1049 80
197 198 52
197 199 64
198 199 30
198 200 49
198 1213 76
198 1877 41
199 200 4
199 201 81
200 201 71
200 202 45
201 202 69
201 203 76
202 204 67
202 1652 92
203 205 75
203 966 82
204 205 77
204 206 33
204 1185 84
205 206 29
205 207 25
206 207 6
206 208 96
207 208 33
207 209 76
208 209 84
208 210 61
208 992 1
209 210 68
209 211 16
209 1225 100
210 211 34
210 212 48
210 1714 92
211 212 62
211 1399 22
212 213 73
212 214 48
212 458 27
213 214 59
213 215 28
213 542 73
214 215 78
214 216 49
215 216 74
215 931 66
216 217 93
216 340 6
216 401 77
217 218 32
217 1173 100
218 219 35
218 220 49
219 220 49
219 221 95
219 362 53
220 1939 5
220 1104 43
220 598 16
220 534 96
221 223 14
221 811 87
222 224 68
222 529 95
222 802 89
223 224 3
223 225 3
224 225 5
224 226 12
224 302 67
225 226 22
225 227 94
225 233 37
226 227 21
226 228 11
227 228 16
227 229 21
228 229 42
228 1393 29
229 230 79
229 231 60
230 231 54
230 232 17
230 1192 63
231 232 92
231 233 93
232 233 67
232 234 71
232 1493 76
233 235 49
233 923 34
234 235 5
234 236 45
235 236 9
235 237 16
236 237 35
236 238 75
237 238 82
237 239 83
237 1644 85
238 239 15
238 240 79
239 240 9
239 241 23
240 241 95
240 242 92
241 242 22
241 906 37
242 244 7
242 491 79
243 244 87
243 245 59
244 245 90
244 246 28
245 247 51
245 864 99
246 247 5
246 248 24
247 248 29
247 249 90
248 249 78
248 250 89
248 1826 72
249 1635 47
249 309 51
249 741 85
250 252 17
250 1117 43
251 252 41
251 253 29
252 254 45
252 1986 19
253 254 57
253 255 25
253 964 47
254 255 85
254 256 45
255 256 97
255 1640 39
256 257 82
256 258 5
256 1108 58
257 258 46
257 259 56
258 259 12
258 260 83
259 261 19
259 1071 69
259 1610 66
260 261 22
260 262 68
261 263 68
261 880 11
262 263 65
262 1533 70
262 346 79
263 264 19
263 1497 14
264 265 11
264 266 33
265 266 78
265 267 94
266 267 19
266 268 38
266 435 53
267 268 15
267 269 50
267 283 12
268 269 67
268 270 72
268 1863 40
269 1321 60
269 1879 30
269 1036 22
269 1457 5
270 271 100
270 272 89
271 272 83
271 291 31
271 1566 58
272 274 35
272 1854 62
272 824 77
273 274 72
273 275 49
274 275 58
274 894 20
274 1903 90
274 532 78
274 1203 35
274 1719 14
275 276 56
275 277 76
275 1974 97
276 277 94
276 278 31
276 983 85
277 278 46
277 279 26
277 1421 77
278 279 66
278 280 64
278 1458 92
279 280 46
279 281 98
280 282 98
280 1350 81
281 282 49
281 1917 67
282 284 54
283 284 98
284 285 56
284 286 33
285 286 92
285 287 33
286 287 46
286 288 23
287 288 6
287 289 6
288 290 33
288 1799 10
288 1784 3
289 290 70
289 291 95
289 770 93
290 291 25
290 292 55
291 292 19
291 293 12
291 998 67
292 293 5
292 294 70
293 294 31
293 1222 98
293 891 30
294 296 91
295 1164 38
295 911 27
296 297 82
296 1214 87
296 1128 40
296 1298 90
297 299 70
297 1790 73
298 299 27
298 300 75
298 840 14
299 300 82
299 1432 43
300 301 44
300 302 96
300 1002 52
301 302 72
301 303 100
302 304 67
302 370 84
303 347 7
303 941 23
304 306 76
304 557 33
305 306 7
305 307 21
305 1792 62
306 625 26
306 474 8
307 308 72
307 309 36
308 1127 45
308 631 33
308 1506 43
309 311 59
310 311 23
310 312 83
311 312 38
311 313 81
311 603 41
312 313 56
312 314 28
312 485 41
313 314 35
313 315 57
314 315 56
314 316 59
315 316 32
315 317 93
316 317 4
316 1342 60
317 318 19
317 319 64
318 319 25
318 320 95
318 1132 84
319 320 54
319 321 42
320 321 63
320 322 4
321 323 50
321 1214 55
322 323 4
322 324 25
323 324 37
323 325 1
324 325 13
324 326 36
325 326 30
325 327 56
326 327 57
326 505 65
327 328 86
327 823 97
328 329 9
328 330 62
329 330 79
329 331 67
329 1919 2
330 331 91
330 332 13
331 332 11
331 333 69
332 333 38
332 334 52
333 334 48
333 335 94
333 1179 94
334 335 26
334 336 65
335 336 42
335 337 75
336 337 29
336 338 11
336 1022 5
337 339 84
337 1217 73
338 339 69
338 340 97
338 462 62
339 341 73
339 812 80
340 341 43
340 342 57
341 342 79
341 343 68
342 343 18
342 344 3
343 344 2
343 345 55
344 345 55
344 346 4
344 1596 15
345 346 20
345 347 87
346 347 26
347 348 50
347 349 9
347 824 38
348 350 68
348 1510 69
348 387 73
349 351 70
349 377 74
349 1998 31
349 920 62
350 351 49
350 352 31
350 1638 69
351 352 46
351 353 55
352 353 95
352 354 70
353 354 60
353 355 19
353 589 84
354 355 21
354 356 62
355 356 100
355 357 86
355 661 45
356 357 24
356 358 32
356 1183 78
357 359 96
357 1810 86
358 359 63
358 360 6
359 360 20
359 361 77
360 361 31
360 362 66
361 362 51
362 364 44
363 364 95
363 365 95
364 365 7
364 366 74
365 366 1
365 367 92
366 367 36
366 368 24
367 369 97
367 567 52
368 369 28
368 370 49
369 370 72
369 605 52
370 371 28
371 372 12
371 373 100
371 1878 10
372 1273 39
372 1841 59
372 1337 88
373 374 66
373 375 32
374 375 79
374 376 30
374 1889 12
375 376 99
375 377 61
375 1103 38
376 377 68
376 709 90
376 883 15
377 378 64
377 379 60
377 552 72
378 379 75
378 891 61
379 380 86
379 381 79
379 1575 51
380 381 81
381 382 92
381 383 47
381 1192 25
382 383 80
382 384 78
383 384 14
383 385 11
383 895 70
384 385 56
384 386 41
385 387 94
385 1407 42
386 387 18
386 1521 32
387 389 98
388 389 92
388 390 84
388 1967 47
389 390 100
389 391 54
389 1726 83
389 1052 7
390 391 19
390 392 51
391 392 41
391 393 29
391 1732 60
392 393 59
392 394 61
393 394 45
393 395 19
394 395 79
394 396 50
395 396 87
395 397 88
396 397 95
396 398 24
396 1759 16
397 399 30
398 399 69
398 491 23
399 1421 55
399 1909 50
400 401 78
400 402 5
401 402 35
402 403 62
402 1189 33
403 404 79
403 405 61
404 405 44
404 406 50
405 868 17
405 956 46
405 788 1
406 407 74
406 408 92
407 408 87
407 409 48
408 409 85
408 410 78
409 410 27
409 411 60
410 411 92
410 412 87
411 412 65
411 413 43
411 727 47
412 413 81
413 414 64
413 415 34
414 416 53
414 495 53
415 416 22
415 417 58
416 418 54
417 419 75
417 1308 14
417 1525 59
417 1134 67
418 419 96
418 420 19
418 1546 10
419 420 67
419 421 32
420 421 95
420 422 43
421 423 97
421 966 15
422 423 1
422 424 25
423 425 4
423 1405 90
424 425 17
424 426 8
425 426 10
425 427 57
426 428 60
426 1071 91
426 1519 29
427 428 15
427 429 31
428 429 56
428 430 84
429 430 95
429 431 42
430 432 97
430 1530 70
431 900 89
431 682 2
432 434 60
432 1628 78
433 434 49
433 435 95
433 1555 32
434 436 50
434 557 33
435 1345 9
436 437 2
436 438 22
437 438 73
437 509 55
438 440 59
438 1246 80
439 440 6
439 1705 69
440 441 94
440 442 17
440 565 100
441 443 43
441 1561 81
442 443 81
442 444 78
442 1297 84
442 1768 42
443 444 72
443 445 31
443 1847 17
444 446 33
444 1417 48
444 1678 87
445 447 40
445 689 63
445 708 24
446 447 78
446 448 32
447 448 22
447 449 19
448 449 60
448 450 34
449 450 51
449 451 39
449 510 97
450 451 88
450 452 83
451 453 78
452 453 6
453 455 94
453 672 94
454 455 31
454 456 95
455 456 72
455 457 15
456 457 29
456 458 32
456 1123 6
457 458 84
457 459 7
457 734 52
458 460 26
459 460 7
459 461 99
460 461 61
460 462 79
461 462 41
461 463 13
462 464 36
463 464 73
463 465 80
464 466 27
464 1750 51
465 466 66
465 467 46
466 467 94
466 1872 65
467 468 2
467 469 37
468 469 87
468 470 18
469 470 98
469 471 28
470 471 3
470 472 95
470 1541 15
471 473 17
471 710 84
472 473 53
472 1880 93
472 1903 24
473 474 38
473 1559 80
474 475 30
474 1685 35
475 476 33
475 477 70
476 477 71
476 802 80
477 479 76
477 891 97
478 479 5
478 480 66
479 480 9
479 1948 84
480 481 96
480 1978 35
481 482 2
481 483 14
481 641 42
482 483 32
482 484 16
483 484 24
483 485 29
484 486 26
484 868 78
484 1125 83
484 1817 78
486 487 78
486 488 99
487 488 34
487 489 60
488 489 74
488 1767 95
489 490 75
489 491 49
490 491 34
490 492 85
490 550 13
491 492 37
491 493 62
491 1738 52
492 493 49
492 494 62
493 494 8
493 632 29
494 495 39
494 496 82
495 496 69
495 1392 49
496 497 27
496 1227 4
497 498 90
497 499 22
498 499 54
498 500 82
499 500 11
499 501 17
500 501 72
500 949 78
500 1746 3
501 502 24
501 503 71
502 503 33
502 504 49
502 707 24
503 504 93
503 505 43
504 505 37
504 506 95
505 506 77
505 507 89
505 1842 91
506 507 97
506 1225 65
507 508 11
507 509 1
507 1282 85
508 509 82
508 510 4
509 510 35
509 1423 74
510 512 1
511 512 10
511 905 28
512 513 34
512 514 10
512 582 34
512 1877 14
513 514 16
513 515 69
513 597 71
514 515 32
514 516 80
515 517 47
515 970 27
516 518 55
516 1170 69
517 518 48
517 519 48
518 519 12
518 931 60
519 520 10
519 521 96
520 521 67
520 522 57
521 522 42
521 523 86
522 523 61
522 524 83
523 524 49
523 525 2
524 525 75
524 526 83
525 526 70
525 866 90
525 1497 85
526 527 47
526 528 64
527 528 57
527 529 74
528 529 23
528 530 45
529 530 71
529 531 48
530 532 86
531 532 9
531 533 33
531 577 43
532 533 4
532 1016 68
533 534 81
533 535 79
534 535 62
535 536 88
535 537 39
536 537 53
536 852 6
537 539 77
537 1913 83
537 621 90
538 539 34
538 1296 29
539 540 33
539 541 58
540 542 62
540 944 10
541 542 73
541 543 77
542 544 57
542 726 94
543 544 48
543 545 37
544 546 80
544 891 79
544 838 66
545 546 70
545 1076 83
546 547 60
546 548 33
547 549 14
547 1359 61
547 1033 17
548 549 99
548 1892 3
548 563 80
549 550 10
549 551 76
549 1474 8
550 551 98
551 552 27
551 1931 14
552 553 13
553 555 50
553 1336 39
554 555 24
554 556 11
554 1299 68
555 556 59
555 557 18
556 558 53
556 1998 25
557 558 5
557 559 19
558 559 31
558 560 25
559 560 81
559 561 11
560 561 81
560 562 29
561 562 42
561 563 28
561 1204 57
561 1814 81
562 563 13
562 564 26
563 564 46
564 566 42
564 844 87
565 567 7
566 568 29
566 761 53
567 568 31
567 569 37
568 569 65
568 570 65
569 570 98
569 571 46
570 571 31
570 927 3
570 893 2
571 572 58
571 573 64
572 573 33
573 574 18
573 575 79
574 575 76
574 1695 49
574 1241 50
575 576 34
575 577 35
575 1288 36
576 577 51
576 578 24
577 578 21
578 579 75
578 693 51
579 580 100
579 581 34
579 1906 65
580 581 63
580 582 94
581 582 36
581 920 72
582 584 47
583 584 45
583 585 83
584 585 90
584 1528 35
585 586 43
585 587 42
586 588 97
586 1317 56
587 588 37
587 589 74
587 1604 67
588 590 11
588 1812 41
589 591 52
590 591 9
590 592 94
591 593 54
591 1222 31
591 1057 10
592 593 92
592 594 62
592 1025 56
593 594 81
593 595 43
594 596 97
594 1910 85
594 1458 13
595 596 73
595 597 21
596 598 78
596 654 86
597 598 35
598 599 100
598 600 66
599 600 84
599 601 12
600 601 86
600 602 64
601 602 17
601 603 68
602 1162 29
602 1170 83
602 1625 90
602 1990 35
603 604 99
604 605 41
604 1143 45
605 606 35
605 607 47
605 1476 56
606 607 87
606 608 78
607 608 100
607 609 81
608 609 18
608 1574 41
609 611 8
609 1667 46
610 611 53
610 612 39
611 612 71
611 613 81
611 1277 28
612 613 27
612 614 51
613 614 45
613 1298 22
614 615 7
614 616 35
614 649 18
615 616 61
615 617 33
615 1906 48
616 617 33
616 618 52
617 619 20
617 1051 32
617 1898 22
618 619 21
618 620 17
619 620 100
619 621 48
620 621 13
620 622 38
620 1057 83
621 623 10
622 623 62
622 624 49
623 624 43
623 625 48
624 625 20
624 626 85
624 1056 99
625 626 75
625 627 53
625 1983 30
626 627 32
626 1886 64
627 628 6
627 629 98
628 629 44
628 630 93
629 630 70
629 631 86
630 631 97
630 632 5
631 1107 68
632 634 47
633 634 58
633 635 38
633 801 92
633 981 62
634 635 21
634 636 65
635 636 69
635 637 11
636 637 25
636 638 62
637 638 49
637 639 44
638 639 21
638 1983 27
639 640 79
639 641 10
640 641 65
640 642 90
640 1772 6
641 642 48
642 643 68
642 644 8
643 645 54
643 1395 45
643 1403 10
644 645 91
644 646 15
645 646 60
645 647 88
645 701 39
646 647 67
646 648 96
646 1374 16
646 1110 20
647 648 29
647 649 51
647 1491 67
648 649 48
648 650 36
649 650 20
649 1786 62
650 652 100
650 1995 29
651 653 75
651 1054 60
652 653 56
652 654 37
653 654 79
653 655 31
654 655 100
654 656 66
655 656 76
655 657 84
655 1605 39
656 658 78
656 1391 84
657 659 100
657 1654 28
658 659 96
658 660 14
659 660 11
659 1303 32
660 661 10
660 662 42
661 662 63
662 663 62
662 664 42
662 984 97
663 665 41
663 767 7
664 665 26
664 666 63
664 779 72
665 666 35
665 667 43
666 667 79
666 668 26
667 668 95
667 669 80
667 1666 12
667 1991 27
668 669 97
668 670 85
668 1577 41
669 670 88
669 671 19
669 1029 76
670 672 18
670 1915 61
671 672 52
671 673 82
672 673 77
672 674 61
673 674 27
673 675 81
674 675 58
674 831 39
675 676 91
675 677 37
676 677 36
676 1574 57
677 678 6
677 679 98
677 1695 72
678 679 8
678 680 25
679 680 43
679 681 31
680 681 82
680 682 41
680 1711 65
681 682 64
681 683 50
682 683 74
682 684 42
683 684 15
683 1919 70
684 685 45
684 686 97
684 1767 87
685 686 52
685 687 38
685 1758 51
686 687 98
686 688 48
686 1348 68
686 1499 83
687 688 3
687 689 78
688 689 7
688 690 43
689 691 19
689 1062 67
690 691 79
690 692 63
691 1380 85
691 1366 18
692 694 96
692 1014 63
693 694 96
693 695 96
693 1770 30
694 695 36
694 696 88
695 696 94
695 697 64
696 697 20
696 698 3
697 698 62
697 699 71
697 1142 42
698 699 68
698 700 80
699 701 73
700 701 9
700 702 98
701 703 76
702 703 26
702 704 42
703 704 11
703 705 75
704 705 9
704 706 95
705 706 23
705 707 43
706 708 86
706 1764 51
707 709 94
707 1522 54
708 710 8
709 710 31
709 711 94
710 711 90
710 712 15
710 1202 15
711 712 84
711 713 95
712 713 87
712 1914 76
713 714 56
713 715 64
714 716 83
715 716 86
715 717 96
715 994 81
716 717 41
716 1530 20
717 719 28
718 720 84
718 1572 92
719 720 35
719 721 26
719 1583 37
720 1521 52
720 1057 69
720 778 96
721 722 48
721 723 83
722 1135 23
723 724 51
723 725 69
724 725 55
724 726 47
725 726 79
725 727 7
725 1590 59
726 728 8
727 1437 29
728 729 46
728 730 47
729 730 85
729 731 18
729 1937 94
730 731 59
730 732 12
731 732 44
731 733 99
732 733 94
732 734 82
733 734 47
733 735 42
734 736 72
735 736 16
735 737 18
736 738 3
737 1394 33
737 747 79
738 739 20
738 740 61
739 740 36
739 1154 76
740 741 17
740 742 71
740 1871 25
741 742 49
741 743 21
742 743 67
742 1221 72
742 1751 43
743 745 7
743 1551 62
744 745 93
744 746 24
745 746 50
745 747 1
746 747 59
746 748 84
747 748 30
747 749 93
747 1655 84
748 749 5
748 750 50
749 750 1
749 751 54
749 813 3
749 1401 81
750 751 68
750 752 95
751 753 82
751 1609 13
752 754 20
752 909 20
753 754 25
753 755 84
754 755 5
754 756 35
754 1339 92
755 756 38
755 757 52
755 968 64
756 758 57
756 1997 26
757 758 92
757 759 97
757 1027 36
757 1850 100
758 759 82
758 760 47
759 760 35
759 761 3
759 1245 82
759 1642 84
760 762 54
761 762 68
761 763 83
762 763 63
762 1439 4
763 764 41
763 765 84
763 977 16
764 765 52
764 1703 44
765 766 66
766 767 91
766 768 71
767 768 92
767 769 13
768 769 65
768 770 39
769 770 68
769 771 26
770 772 96
771 772 41
771 773 50
772 773 36
772 774 61
773 774 65
773 775 64
774 775 80
774 776 15
775 776 26
775 777 86
776 777 45
776 778 70
777 778 17
777 779 51
778 779 50
778 1885 51
778 1193 25
778 1722 32
779 781 45
780 782 57
780 1580 87
780 1708 83
781 782 21
781 783 70
782 783 3
782 784 37
782 1351 14
783 784 39
783 1312 21
784 785 35
784 786 8
785 786 45
785 787 41
786 787 39
786 788 73
787 788 77
787 1223 86
787 1729 48
788 789 98
789 790 93
789 791 86
790 791 44
790 792 83
791 792 8
791 793 79
792 793 85
792 794 1
792 1427 73
793 794 39
794 795 58
794 1001 68
794 1412 11
795 796 90
795 797 63
796 797 14
796 798 34
797 799 17
797 1719 21
798 799 68
798 800 67
799 801 16
799 1001 5
800 801 94
800 802 31
801 1252 79
802 804 25
803 804 21
803 805 57
805 806 67
805 807 85
806 808 7
806 891 92
807 808 88
807 1870 42
808 810 38
808 1941 78
809 810 75
809 1195 56
810 811 28
810 812 52
811 812 54
811 813 40
812 813 92
812 814 93
813 815 49
814 816 46
814 1897 48
815 816 18
815 817 89
816 817 45
816 818 21
816 1334 11
817 819 50
817 1413 68
818 820 50
818 1115 60
819 820 87
819 821 35
820 821 5
820 822 21
821 822 65
821 823 93
822 823 45
822 1668 73
822 1934 28
823 824 5
823 825 95
825 826 28
825 827 17
826 827 98
826 1540 44
827 829 68
827 1231 32
828 829 62
828 830 79
829 830 63
829 916 61
830 831 35
830 832 36
830 924 24
831 833 57
831 1342 90
832 833 45
832 834 63
832 1717 26
833 835 84
833 1716 68
834 835 9
834 836 81
835 836 6
835 837 82
836 837 24
836 838 45
837 838 48
837 839 54
837 871 53
838 839 22
838 1169 86
839 841 35
839 1962 84
840 842 37
841 842 48
841 843 4
841 1417 99
842 843 32
842 844 1
843 845 28
843 1289 77
844 845 78
844 1776 14
845 846 94
845 847 72
845 1982 1
846 848 88
846 1747 79
847 848 77
847 849 12
848 1838 1
848 975 36
849 850 99
849 1587 41
850 851 22
850 852 64
851 853 51
851 1546 7
851 904 27
852 853 5
852 1256 97
853 854 48
853 855 6
854 855 50
854 1314 24
855 856 26
855 857 77
856 857 98
856 858 56
856 1635 10
857 858 4
857 955 20
857 1322 48
858 859 1
858 860 95
859 860 97
860 861 42
860 1298 83
861 862 84
861 863 44
862 863 69
862 864 74
863 864 69
863 865 34
864 865 14
864 866 93
865 866 38
865 867 8
865 1301 36
865 1408 71
866 867 29
866 868 76
867 868 20
867 869 65
868 869 44
868 1587 38
869 871 24
869 1240 97
870 871 88
870 872 41
871 873 77
872 873 89
872 874 3
873 875 26
874 875 75
874 876 62
875 876 21
875 877 31
876 877 29
876 878 87
877 878 98
877 879 14
877 1656 35
878 879 8
879 880 57
879 881 64
880 881 17
880 882 63
881 882 56
881 883 75
881 1545 16
882 883 13
882 884 80
883 884 60
884 885 70
884 886 63
884 1403 85
885 886 60
885 887 11
886 887 75
886 888 60
887 888 16
887 889 70
888 889 1
888 890 65
889 890 27
889 891 1
890 891 74
890 892 94
890 1146 34
891 892 58
891 893 76
892 893 32
892 894 12
893 894 8
894 896 28
895 896 14
896 897 72
896 898 9
897 899 95
898 899 16
898 900 7
898 960 53
899 900 27
899 901 20
899 1966 31
900 902 31
901 902 100
901 903 3
902 903 30
902 904 29
903 904 27
903 905 6
904 905 52
905 906 4
905 907 22
906 907 1
907 908 66
907 909 91
908 910 54
908 1522 5
909 910 16
909 911 28
910 911 52
910 912 59
911 912 71
911 913 24
912 913 76
912 914 83
913 914 89
913 915 54
914 915 52
914 916 72
915 916 4
915 1648 91
916 917 38
916 918 77
917 919 65
917 1866 81
918 919 96
918 1768 3
919 921 25
919 1018 14
920 921 59
921 923 62
921 1101 65
922 923 12
922 924 73
923 1791 53
924 1421 80
925 927 49
925 1865 58
926 927 50
926 928 23
927 929 11
927 1491 53
928 929 99
928 930 4
929 930 29
929 931 69
930 931 50
930 945 19
931 932 96
931 1405 32
931 1644 60
932 933 53
932 1283 39
933 934 41
934 935 54
934 936 44
935 936 22
935 937 60
936 937 36
936 938 26
937 938 30
937 939 28
938 939 41
939 940 60
939 941 74
940 941 10
940 942 61
941 942 24
941 943 58
942 943 38
942 1928 41
943 944 41
943 945 43
944 945 74
944 946 54
945 946 2
945 947 86
945 1699 90
946 947 23
946 948 100
946 1191 58
947 948 40
947 1155 2
948 950 91
948 1588 35
949 951 91
950 951 94
950 952 86
951 952 21
951 953 21
951 1676 60
952 953 34
952 954 25
952 1160 88
953 954 39
953 1452 46
954 955 98
954 956 15
954 1026 2
955 956 39
955 957 71
956 957 94
956 958 46
957 959 57
957 1433 11
958 959 57
958 960 19
958 1106 11
959 960 51
959 961 76
959 1440 45
960 962 12
961 962 46
961 963 91
962 963 82
962 1321 74
962 1312 51
963 964 67
963 965 95
964 966 90
964 1193 94
965 966 74
965 967 5
965 1075 44
966 967 83
966 968 86
967 968 49
967 969 47
967 1279 90
968 970 95
968 1317 79
969 971 34
969 1590 100
970 971 70
970 972 6
971 972 71
971 973 50
972 973 64
972 974 2
973 974 10
973 975 88
974 975 14
974 976 89
975 976 94
975 977 24
976 977 61
976 978 43
976 1827 53
977 978 16
978 980 37
978 1219 82
979 980 28
979 981 74
980 981 57
980 982 100
981 983 68
982 983 80
982 984 70
983 984 3
984 985 76
985 986 38
985 987 31
986 987 91
986 988 89
987 988 66
987 989 20
988 989 47
988 990 96
989 990 84
989 991 50
990 991 70
990 992 89
991 992 99
991 993 27
992 993 29
993 994 94
993 995 92
994 995 11
995 996 80
995 997 42
996 997 58
996 998 61
997 998 91
997 1887 94
998 1000 18
999 1000 5
999 1189 37
999 1999 75
1000 1001 7
1000 1002 98
1001 1217 79
1002 1003 85
1003 1004 11
1003 1005 94
1004 1005 95
1004 1709 50
1005 1006 15
1005 1007 7
1006 1007 62
1006 1008 76
1007 1008 22
1007 1959 28
1008 1009 67
1008 1010 83
1008 1681 37
1009 1010 71
1009 1011 7
1010 1011 44
1010 1012 77
1011 1485 69
1011 1416 76
1012 1014 85
1012 1419 38
1013 1014 58
1013 1015 65
1014 1015 34
1014 1016 32
1015 1016 62
1015 1726 61
1016 1017 66
1016 1018 83
1017 1018 77
1017 1019 49
1018 1019 53
1018 1020 13
1019 1020 16
1019 1465 78
1019 1909 15
1020 1021 85
1020 1022 9
1021 1022 75
1021 1023 79
1022 1024 25
1023 1025 23
1023 1068 31
1024 1025 54
1024 1026 40
1025 1026 75
1025 1047 3
1026 1028 61
1026 1040 84
1027 1029 7
1028 1029 75
1028 1030 20
1029 1030 17
1030 1031 45
1030 1032 82
1031 1032 70
1031 1033 30
1032 1033 78
1032 1034 91
1033 1034 86
1033 1449 55
1034 1035 19
1034 1036 35
1035 1036 72
1035 1037 93
1035 1291 65
1036 1037 97
1037 1038 67
1037 1039 43
1038 1039 87
1038 1040 79
1039 1040 17
1039 1041 48
1040 1042 3
1041 1042 43
1041 1043 6
1042 1043 50
1042 1044 11
1043 1044 39
1043 1045 89
1043 1495 80
1043 1252 29
1044 1045 24
1044 1046 62
1045 1046 75
1045 1047 24
1046 1047 11
1046 1048 69
1047 1049 49
1048 1369 4
1048 1917 56
1049 1050 80
1049 1051 29
1050 1051 70
1050 1052 76
1051 1052 5
1051 1053 53
1052 1053 13
1053 1054 70
1053 1055 3
1054 1055 35
1054 1056 36
1055 1056 56
1055 1057 47
1056 1057 4
1057 1153 50
1058 1059 49
1058 1060 22
1059 1060 23
1059 1061 88
1060 1061 26
1060 1062 43
1061 1063 94
1061 1700 45
1061 1333 83
1062 1064 6
1062 1605 47
1063 1064 94
1063 1644 98
1064 1066 85
1064 1218 81
1065 1066 50
1065 1067 80
1065 1329 86
1066 1067 82
1066 1068 38
1067 1068 20
1067 1078 69
1068 1070 79
1068 1619 32
1069 1070 4
1069 1071 93
1069 1615 80
1070 1071 8
1070 1072 36
1071 1072 95
1071 1073 22
1072 1073 78
1072 1074 66
1073 1074 68
1073 1075 81
1073 1684 43
1074 1075 69
1074 1076 31
1074 1957 24
1075 1077 87
1076 1077 13
1076 1078 55
1077 1078 8
1077 1470 36
1078 1079 90
1078 1080 29
1079 1080 17
1079 1633 36
1080 1081 13
1080 1388 44
1081 1083 7
1081 1894 17
1081 1687 42
1082 1083 5
1082 1084 48
1083 1084 2
1083 1085 41
1084 1085 2
1084 1086 77
1085 1086 59
1085 1087 58
1086 1088 84
1086 1163 79
1087 1088 53
1087 1089 13
1087 1627 48
1088 1089 58
1088 1090 19
1089 1090 58
1089 1091 2
1090 1091 62
1090 1092 71
1091 1092 95
1091 1093 12
1091 1896 24
1092 1093 26
1092 1094 63
1093 1094 5
1093 1095 11
1094 1095 80
1094 1096 62
1095 1096 87
1095 1097 28
1096 1097 79
1096 1098 49
1097 1098 11
1097 1099 67
1098 1099 78
1098 1100 69
1099 1100 32
1099 1101 82
1100 1101 24
1100 1102 1
1101 1102 48
1101 1103 34
1102 1103 11
1102 1104 69
1103 1104 25
1104 1106 8
1104 1447 57
1105 1106 25
1105 1107 33
1106 1426 41
1107 1108 24
1107 1109 14
1108 1110 9
1109 1110 10
1109 1111 3
1110 1111 39
1111 1112 54
1112 1114 71
1112 1363 38
1113 1114 37
1113 1115 24
1114 1115 75
1114 1116 63
1115 1116 13
1115 1117 3
1116 1117 12
1116 1118 96
1117 1118 20
1117 1119 22
1118 1119 31
1118 1120 45
1119 1120 26
1119 1121 24
1120 1121 59
1120 1122 99
1121 1122 81
1121 1123 38
1121 1484 92
1122 1124 99
1122 1136 28
1123 1124 66
1124 1125 58
1124 1126 16
1125 1127 3
1126 1127 86
1126 1128 42
1127 1128 5
1127 1129 25
1128 1129 83
1129 1130 10
1129 1131 20
1129 1138 88
1130 1131 59
1130 1132 8
1131 1132 53
1131 1133 64
1131 1662 27
1131 1744 29
1133 1134 85
1133 1135 27
1134 1135 26
1135 1137 34
1135 1790 71
1136 1137 62
1136 1138 33
1137 1138 8
1137 1139 32
1138 1140 27
1139 1140 39
1139 1141 54
1140 1141 43
1140 1142 32
1141 1142 57
1141 1143 51
1141 1617 71
1142 1144 14
1142 1650 46
1143 1144 47
1143 1145 7
1144 1145 91
1144 1146 75
1145 1146 63
1146 1148 37
1146 1631 63
1147 1148 14
1147 1149 39
1148 1149 55
1148 1150 61
1149 1151 83
1149 1255 11
1150 1151 94
1150 1152 87
1151 1186 16
1151 1881 12
1152 1153 52
1152 1154 68
1153 1181 74
1154 1155 4
1154 1156 95
1155 1156 88
1155 1157 33
1156 1157 70
1156 1158 14
1157 1158 24
1157 1159 17
1158 1159 87
1158 1160 36
1159 1160 10
1159 1161 29
1160 1162 54
1161 1162 89
1161 1619 69
1162 1163 1
1162 1164 69
1163 1164 68
1163 1841 40
1164 1166 29
1164 1811 56
1165 1166 43
1165 1167 57
1166 1167 22
1166 1168 64
1167 1168 79
1167 1169 97
1168 1169 72
1168 1170 52
1169 1171 64
1170 1172 36
1170 1341 66
1171 1173 82
1171 1899 28
1172 1173 16
1172 1174 40
1173 1174 78
1173 1175 46
1174 1175 7
1174 1176 42
1175 1176 61
1175 1177 83
1176 1177 18
1176 1178 6
1177 1179 73
1177 1872 81
1178 1179 9
1178 1180 40
1179 1180 78
1180 1181 78
1180 1182 62
1181 1795 59
1181 1711 46
1181 1856 52
1182 1183 82
1182 1184 8
1183 1184 91
1184 1185 69
1184 1186 82
1185 1186 90
1185 1436 13
1186 1187 98
1186 1188 83
1187 1189 71
1187 1326 59
1188 1189 56
1188 1599 15
1189 1191 34
1190 1191 22
1190 1192 43
1191 1192 53
1191 1422 96
1194 1195 54
1194 1196 68
1195 1197 30
1196 1197 84
1196 1198 25
1196 1269 64
1196 1683 7
1197 1199 37
1197 1513 34
1198 1200 71
1198 1265 94
1199 1200 72
1199 1201 96
1199 1928 3
1200 1201 16
1200 1202 73
1200 1686 89
1201 1202 94
1201 1203 60
1202 1203 16
1202 1965 86
1203 1204 18
1204 1206 97
1205 1206 25
1205 1851 72
1205 1284 17
1206 1207 69
1206 1977 9
1207 1208 66
1207 1209 19
1208 1209 56
1208 1210 96
1209 1210 33
1209 1211 11
1210 1212 69
1210 1454 90
1211 1212 100
1211 1213 84
1211 1446 74
1211 1618 95
1212 1213 84
1212 1214 4
1212 1469 75
1213 1269 26
1214 1215 51
1214 1216 23
1215 1216 56
1215 1217 53
1216 1217 97
1216 1218 97
1217 1218 82
1217 1219 64
1218 1220 68
1219 1220 53
1219 1221 39
1220 1222 11
1220 1600 22
1221 1223 25
1221 1266 87
1222 1568 1
1223 1224 3
1223 1225 28
1224 1225 90
1224 1226 98
1224 1626 60
1225 1227 99
1226 1227 50
1226 1228 14
1227 1228 29
1227 1229 75
1228 1229 61
1228 1230 75
1229 1230 14
1229 1231 15
1230 1231 90
1230 1232 98
1231 1232 47
1231 1233 58
1232 1233 65
1232 1234 86
1233 1235 18
1233 1665 81
1234 1235 99
1234 1236 1
1235 1236 80
1235 1237 84
1236 1237 84
1236 1238 94
1237 1239 18
1237 1881 19
1238 1239 17
1238 1240 96
1239 1240 25
1239 1241 26
1240 1241 89
1240 1242 20
1241 1242 60
1242 1243 65
1243 1244 65
1243 1523 74
1244 1245 8
1244 1246 90
1244 1283 100
1245 1247 91
1246 1247 48
1246 1248 31
1247 1248 54
1247 1249 54
1248 1249 44
1248 1250 90
1248 1271 52
1249 1250 19
1249 1251 92
1250 1251 62
1250 1979 19
1251 1253 19
1251 1434 96
1252 1253 44
1253 1254 54
1253 1255 11
1254 1255 52
1254 1256 50
1254 1361 98
1255 1256 11
1255 1257 39
1256 1257 65
1256 1750 81
1257 1258 62
1257 1259 97
1258 1259 28
1258 1260 67
1259 1260 99
1259 1261 33
1260 1261 82
1260 1262 60
1261 1262 4
1261 1263 54
1262 1263 35
1262 1264 25
1263 1264 80
1263 1265 17
1263 1893 29
1264 1265 43
1264 1266 28
1265 1267 40
1265 1678 15
1266 1267 84
1266 1268 24
1266 1778 76
1267 1268 24
1267 1269 13
1268 1269 56
1268 1270 81
1269 1270 64
1270 1271 66
1270 1272 28
1271 1273 64
1271 1780 29
1272 1273 61
1272 1274 35
1273 1274 18
1273 1275 68
1274 1275 43
1274 1276 71
1275 1277 38
1275 1540 27
1275 1468 2
1276 1277 36
1276 1278 4
1277 1279 36
1278 1279 45
1278 1280 94
1279 1280 35
1280 1281 37
1280 1282 97
1281 1282 75
1281 1283 79
1281 1326 94
1282 1283 61
1283 1285 25
1284 1285 55
1285 1286 39
1285 1287 67
1286 1287 98
1286 1288 30
1287 1288 51
1287 1289 34
1288 1289 29
1289 1290 82
1289 1291 73
1290 1291 51
1290 1292 13
1291 1292 55
1292 1293 39
1292 1294 74
1292 1718 63
1293 1294 80
1293 1295 20
1294 1295 98
1294 1296 12
1295 1296 81
1295 1297 100
1296 1297 57
1296 1298 20
1297 1298 55
1298 1299 36
1299 1301 16
1300 1301 96
1300 1302 18
1301 1302 99
1302 1303 53
1302 1304 37
1303 1304 70
1303 1305 45
1304 1306 76
1304 1766 5
1305 1307 71
1305 1994 44
1306 1307 99
1306 1308 39
1307 1308 38
1307 1309 77
1308 1309 50
1309 1310 66
1309 1311 80
1310 1311 55
1311 1312 47
1311 1313 61
1311 1387 99
1312 1313 56
1313 1314 28
1313 1973 4
1314 1316 75
1314 1834 98
1315 1316 39
1315 1547 34
1316 1318 29
1317 1319 54
1317 1423 87
1318 1319 26
1318 1320 78
1319 1320 67
1319 1321 91
1319 1355 59
1320 1321 51
1320 1322 39
1321 1322 77
1321 1323 52
1322 1323 86
1323 1324 92
1323 1325 75
1324 1963 67
1324 1539 42
1324 1828 25
1325 1326 22
1325 1327 23
1326 1327 36
1327 1328 21
1327 1329 45
1328 1329 57
1328 1330 10
1329 1330 83
1330 1331 84
1330 1332 38
1331 1332 92
1331 1333 4
1332 1333 32
1332 1334 78
1333 1857 42
1334 1893 95
1335 1336 79
1335 1337 71
1336 1817 29
1336 1899 49
1337 1338 90
1337 1339 55
1338 1339 50
1338 1907 68
1339 1341 57
1340 1341 12
1340 1342 98
1340 1868 96
1341 1342 37
1342 1343 58
1342 1344 43
1343 1344 50
1343 1345 79
1343 1931 77
1344 1345 58
1344 1652 31
1345 1346 15
1345 1347 44
1346 1347 16
1346 1348 39
1347 1348 84
1347 1349 49
1348 1349 1
1349 1350 16
1349 1351 11
1350 1351 53
1350 1352 22
1351 1353 60
1352 1353 38
1352 1885 58
1353 1354 75
1354 1355 91
1354 1356 86
1355 1356 66
1356 1357 55
1356 1358 71
1357 1358 31
1357 1956 24
1358 1359 61
1358 1360 100
1359 1360 89
1359 1361 82
1360 1361 86
1360 1362 4
1360 1399 8
1361 1363 65
1362 1363 29
1362 1364 86
1363 1364 73
1363 1365 42
1364 1365 25
1364 1366 83
1365 1367 68
1365 1469 78
1366 1367 75
1366 1368 56
1367 1369 99
1367 1773 82
1368 1369 61
1368 1370 75
1369 1370 2
1369 1371 30
1370 1372 82
1370 1987 22
1371 1373 64
1372 1374 12
1372 1394 72
1373 1374 45
1373 1375 33
1374 1376 59
1375 1376 42
1375 1377 84
1376 1377 84
1376 1378 36
1377 1378 59
1377 1379 75
1378 1380 11
1378 1853 94
1379 1380 16
1379 1381 73
1380 1381 16
1380 1382 60
1381 1383 50
1381 1730 38
1381 1399 40
1382 1384 33
1383 1384 10
1383 1385 74
1384 1385 12
1384 1386 84
1385 1386 55
1385 1387 51
1386 1387 80
1386 1388 22
1386 1905 34
1387 1388 74
1388 1389 61
1388 1390 80
1389 1390 9
1389 1391 4
1390 1391 26
1390 1392 57
1391 1392 60
1391 1393 13
1391 1550 95
1392 1393 15
1392 1394 71
1393 1394 3
1394 1395 61
1394 1396 75
1395 1396 28
1395 1813 74
1396 1397 44
1396 1653 17
1397 1398 48
1397 1596 5
1398 1399 1
1398 1400 49
1400 1401 72
1400 1402 30
1401 1402 82
1402 1403 71
1402 1404 35
1404 1405 37
1404 1406 42
1405 1406 80
1405 1407 13
1405 1414 1
1406 1407 19
1406 1408 56
1407 1408 36
1407 1409 56
1408 1409 66
1408 1619 95
1408 1633 68
1409 1410 28
1409 1411 15
1410 1411 62
1410 1412 32
1411 1412 9
1411 1413 17
1412 1413 52
1412 1414 75
1413 1415 82
1413 1708 94
1414 1415 32
1415 1416 31
1415 1703 100
1416 1417 40
1416 1418 39
1417 1419 71
1419 1420 29
1419 1421 90
1420 1421 42
1420 1422 76
1420 1516 29
1421 1422 66
1422 1423 39
1424 1425 19
1424 1426 96
1425 1426 71
1425 1427 9
1426 1427 37
1426 1428 59
1427 1428 83
1428 1429 82
1428 1430 34
1429 1430 27
1429 1431 56
1430 1431 70
1430 1432 87
1431 1432 33
1431 1433 72
1432 1433 72
1432 1434 25
1433 1434 13
1433 1435 89
1434 1435 26
1434 1627 40
1435 1437 37
1435 1971 60
1436 1438 66
1437 1438 43
1437 1439 96
1438 1439 89
1438 1440 66
1439 1440 27
1439 1441 98
1440 1442 8
1441 1442 55
1441 1443 41
1442 1443 54
1442 1444 39
1442 1950 64
1443 1445 35
1443 1756 5
1444 1445 29
1444 1446 54
1445 1446 19
1445 1983 40
1446 1448 81
1447 1448 61
1448 1449 8
1448 1450 63
1449 1451 49
1450 1451 1
1450 1452 94
1451 1452 15
1451 1453 55
1452 1453 24
1452 1454 79
1452 1467 72
1453 1454 11
1453 1455 2
1454 1455 51
1454 1500 52
1455 1456 12
1455 1457 20
1456 1457 22
1456 1458 36
1457 1458 38
1459 1460 15
1459 1461 22
1460 1461 37
1460 1462 30
1461 1462 77
1461 1896 45
1462 1463 95
1462 1464 91
1463 1464 75
1464 1465 26
1464 1466 2
1465 1466 31
1465 1467 52
1465 1767 51
1465 1977 67
1466 1467 97
1466 1468 11
1467 1882 81
1468 1563 57
1469 1470 77
1470 1471 22
1470 1472 20
1471 1472 30
1471 1473 53
1471 1980 36
1472 1473 83
1472 1474 59
1473 1474 66
1473 1475 86
1474 1475 59
1475 1476 25
1475 1477 43
1476 1477 1
1477 1478 72
1477 1479 12
1478 1479 89
1478 1480 98
1479 1480 1
1479 1481 81
1480 1481 71
1480 1482 50
1481 1482 14
1481 1483 72
1482 1483 8
1482 1946 51
1483 1485 82
1483 1814 45
1484 1485 82
1485 1486 13
1485 1487 100
1486 1487 48
1486 1488 43
1487 1488 30
1487 1489 97
1488 1489 6
1488 1490 28
1489 1491 95
1489 1721 5
1490 1491 64
1490 1492 90
1491 1493 69
1492 1493 27
1492 1494 6
1493 1764 72
1493 1589 14
1494 1495 41
1494 1671 85
1495 1497 63
1496 1497 1
1496 1498 82
1497 1498 81
1498 1499 22
1498 1500 20
1499 1500 20
1500 1501 75
1500 1502 20
1501 1502 64
1501 1503 18
1502 1503 91
1502 1504 48
1503 1504 9
1503 1505 44
1504 1505 25
1504 1506 48
1505 1506 88
1505 1507 94
1506 1693 2
1507 1508 32
1507 1509 39
1508 1509 74
1508 1510 84
1508 1959 52
1509 1510 19
1509 1511 8
1510 1511 33
1510 1512 85
1511 1512 51
1511 1513 8
1512 1513 25
1512 1514 19
1513 1514 87
1513 1515 41
1514 1515 41
1514 1516 33
1515 1516 99
1515 1517 95
1516 1517 62
1517 1518 42
1517 1519 79
1518 1519 11
1518 1520 1
1519 1521 67
1519 1668 84
1520 1521 54
1520 1522 64
1521 1522 89
1521 1625 78
1522 1523 60
1523 1524 37
1523 1525 6
1524 1525 53
1525 1527 73
1526 1528 99
1527 1528 44
1527 1551 94
1528 1529 85
1528 1530 55
1529 1530 34
1529 1531 17
1529 1898 91
1530 1531 96
1530 1532 38
1531 1532 100
1531 1533 15
1531 1791 1
1532 1533 34
1532 1534 52
1533 1534 39
1533 1535 90
1534 1535 94
1534 1536 7
1535 1536 32
1535 1537 33
1536 1537 42
1536 1538 99
1537 1539 6
1537 1960 25
1538 1539 5
1538 1540 22
1539 1540 11
1539 1966 9
1540 1542 54
1541 1542 95
1542 1543 4
1542 1544 18
1543 1544 68
1543 1545 47
1543 1600 45
1544 1545 63
1544 1546 70
1545 1546 61
1546 1547 74
1547 1548 12
1547 1549 5
1548 1549 48
1548 1550 37
1549 1550 31
1549 1551 33
1550 1551 28
1551 1552 63
1551 1553 54
1551 1840 95
1552 1553 75
1552 1554 21
1553 1554 35
1553 1555 98
1554 1556 88
1555 1557 82
1556 1557 80
1556 1558 63
1557 1558 73
1557 1559 1
1558 1559 59
1558 1560 9
1559 1560 46
1559 1561 52
1560 1561 32
1560 1910 5
1561 1562 87
1561 1563 69
1562 1563 31
1562 1564 40
1563 1564 10
1563 1565 71
1564 1565 79
1564 1566 100
1565 1566 92
1565 1567 75
1566 1567 60
1566 1667 20
1567 1568 86
1567 1569 58
1568 1569 75
1568 1570 18
1568 1779 32
1569 1570 51
1569 1571 81
1570 1572 28
1570 1867 91
1571 1572 45
1571 1573 100
1572 1573 73
1572 1574 6
1573 1575 99
1573 1894 62
1574 1575 39
1574 1576 28
1575 1577 39
1576 1577 95
1576 1578 8
1577 1578 90
1578 1579 15
1578 1580 57
1579 1580 12
1579 1581 58
1580 1581 82
1580 1582 31
1581 1582 39
1581 1583 29
1582 1583 55
1582 1584 1
1583 1584 20
1584 1585 83
1584 1586 65
1585 1586 82
1585 1587 67
1586 1587 94
1586 1588 15
1587 1588 56
1587 1589 28
1588 1589 37
1588 1590 63
1589 1590 63
1589 1591 15
1591 1592 18
1591 1593 55
1592 1593 30
1592 1594 84
1593 1594 86
1593 1595 61
1594 1595 27
1594 1596 32
1595 1596 4
1595 1597 14
1596 1598 48
1597 1598 88
1597 1599 57
1598 1599 6
1598 1600 33
1599 1601 40
1599 1719 29
1600 1601 71
1601 1602 3
1601 1603 64
1602 1603 55
1602 1604 75
1603 1604 88
1603 1605 86
1604 1606 84
1605 1607 30
1606 1608 77
1607 1608 74
1607 1609 73
1608 1609 54
1608 1610 87
1609 1610 53
1609 1611 67
1610 1611 81
1611 1612 96
1611 1613 73
1612 1613 24
1612 1614 98
1613 1614 9
1613 1615 19
1614 1615 95
1614 1616 11
1615 1616 91
1616 1617 90
1616 1618 66
1617 1618 46
1618 1620 46
1619 1621 75
1620 1621 78
1620 1622 24
1621 1622 44
1621 1623 21
1622 1623 66
1622 1624 59
1623 1624 19
1623 1625 25
1624 1625 16
1624 1626 77
1625 1626 78
1626 1628 36
1627 1628 3
1628 1630 91
1628 1750 68
1629 1630 99
1629 1631 80
1630 1631 85
1630 1632 19
1631 1632 79
1632 1633 38
1632 1634 80
1634 1635 87
1634 1636 73
1635 1636 55
1636 1637 54
1637 1638 75
1637 1639 24
1638 1639 23
1639 1640 73
1639 1641 13
1640 1641 37
1640 1642 95
1641 1642 69
1641 1643 94
1642 1644 69
1643 1644 5
1643 1645 30
1643 1887 50
1645 1646 92
1645 1844 76
1646 1647 82
1646 1648 58
1647 1648 81
1647 1649 78
1648 1649 69
1649 1650 99
1649 1651 19
1650 1651 34
1651 1652 12
1651 1653 1
1652 1653 25
1652 1654 18
1653 1654 71
1653 1655 58
1654 1655 94
1654 1656 84
1655 1657 95
1656 1658 73
1657 1658 30
1657 1678 67
1658 1659 16
1658 1660 3
1659 1660 90
1659 1661 43
1660 1661 99
1660 1662 30
1661 1662 50
1661 1663 22
1662 1664 20
1663 1664 28
1663 1665 94
1664 1665 84
1664 1666 96
1665 1666 38
1665 1667 84
1666 1668 56
1667 1668 79
1668 1670 95
1669 1670 20
1669 1671 27
1670 1671 6
1670 1672 38
1671 1672 61
1671 1673 99
1672 1673 68
1672 1674 93
1673 1674 63
1673 1675 8
1674 1676 35
1674 1945 52
1675 1676 94
1675 1677 30
1676 1678 84
1677 1678 23
1677 1679 60
1678 1680 74
1679 1680 16
1679 1681 15
1680 1681 95
1680 1682 63
1681 1682 80
1682 1683 61
1682 1684 76
1684 1685 16
1685 1686 32
1685 1687 63
1686 1688 41
1687 1688 39
1688 1689 27
1688 1690 38
1689 1690 76
1689 1691 15
1690 1691 1
1690 1692 23
1691 1692 67
1691 1962 32
1692 1693 44
1692 1694 86
1693 1695 55
1694 1695 3
1694 1696 83
1695 1697 89
1696 1697 88
1696 1698 42
1697 1698 95
1697 1699 31
1698 1699 52
1698 1700 68
1699 1700 50
1700 1701 30
1700 1879 72
1701 1702 78
1701 1703 99
1702 1703 87
1702 1704 5
1703 1704 56
1703 1705 82
1704 1705 54
1704 1706 62
1705 1706 18
1705 1707 65
1706 1707 94
1706 1708 7
1707 1708 61
1707 1709 72
1708 1710 27
1709 1710 26
1709 1711 15
1710 1711 36
1710 1712 35
1711 1712 16
1712 1713 98
1712 1714 36
1713 1714 42
1713 1715 22
1714 1716 27
1714 1977 59
1715 1716 79
1715 1717 52
1716 1717 94
1716 1718 54
1717 1719 35
1718 1719 48
1719 1720 66
1720 1721 73
1720 1722 52
1720 1931 65
1721 1722 66
1722 1723 43
1723 1725 93
1724 1725 24
1724 1726 86
1725 1726 60
1725 1727 30
1726 1728 59
1727 1728 32
1727 1729 24
1728 1729 95
1728 1730 72
1729 1730 96
1730 1731 71
1730 1732 61
1731 1732 60
1731 1733 30
1732 1733 45
1733 1734 53
1733 1735 52
1734 1735 71
1734 1736 32
1735 1736 60
1735 1737 57
1736 1737 99
1736 1738 36
1737 1738 31
1737 1739 14
1738 1740 76
1739 1740 7
1739 1741 47
1740 1741 47
1740 1742 18
1741 1742 47
1741 1743 31
1742 1744 5
1742 1852 26
1743 1744 48
1743 1745 94
1744 1746 2
1745 1746 49
1745 1747 95
1746 1747 62
1746 1748 26
1747 1748 80
1747 1749 68
1748 1749 67
1748 1750 23
1749 1750 60
1749 1751 11
1750 1751 100
1750 1752 55
1751 1752 57
1752 1753 9
1752 1754 35
1753 1754 1
1753 1755 83
1754 1755 59
1754 1756 20
1755 1756 75
1755 1757 18
1756 1757 31
1756 1975 81
1757 1758 84
1757 1995 89
1758 1759 13
1759 1761 25
1760 1761 41
1760 1762 86
1761 1762 85
1761 1763 82
1762 1763 72
1762 1764 71
1763 1764 47
1763 1765 14
1764 1766 2
1765 1766 85
1765 1767 27
1766 1768 25
1766 1784 34
1767 1821 58
1768 1769 95
1769 1770 71
1769 1771 17
1770 1771 59
1771 1772 40
1771 1773 33
1772 1774 43
1772 1970 90
1773 1774 25
1773 1775 45
1774 1775 64
1774 1776 44
1775 1776 27
1775 1777 55
1776 1777 88
1776 1778 1
1777 1778 22
1777 1779 82
1778 1780 60
1779 1781 60
1780 1782 22
1781 1782 67
1781 1783 84
1782 1783 1
1782 1784 45
1783 1784 60
1783 1785 30
1784 1785 63
1785 1786 86
1785 1787 16
1786 1787 74
1787 1788 17
1787 1789 57
1788 1789 32
1788 1952 74
1789 1790 44
1789 1791 19
1790 1791 66
1791 1792 24
1792 1794 5
1793 1794 23
1793 1795 89
1794 1795 75
1794 1796 65
1795 1796 83
1795 1797 52
1795 1895 58
1796 1797 5
1796 1798 74
1797 1798 17
1797 1799 25
1798 1799 44
1798 1800 25
1799 1800 62
1799 1801 50
1800 1801 24
1800 1802 32
1801 1802 69
1802 1803 67
1802 1804 72
1803 1804 88
1803 1805 39
1804 1805 51
1804 1806 78
1805 1806 31
1805 1807 96
1806 1807 12
1806 1808 91
1807 1808 44
1807 1809 20
1807 1945 43
1808 1809 46
1808 1810 1
1809 1810 10
1809 1811 51
1810 1811 20
1810 1812 42
1811 1812 28
1811 1855 8
1812 1813 5
1812 1814 49
1813 1814 55
1813 1815 49
1814 1815 35
1815 1816 33
1815 1817 48
1816 1817 8
1816 1818 67
1817 1818 70
1818 1819 4
1818 1820 48
1819 1820 23
1819 1821 9
1820 1821 54
1820 1822 25
1821 1822 43
1822 1823 87
1822 1824 17
1823 1824 36
1823 1825 24
1824 1825 43
1824 1826 55
1825 1826 88
1825 1827 47
1826 1827 23
1827 1829 15
1828 1829 14
1829 1831 80
1829 1892 56
1830 1831 78
1830 1832 94
1831 1833 59
1831 1966 18
1832 1833 83
1832 1834 5
1833 1834 25
1833 1835 65
1834 1835 97
1834 1836 17
1835 1836 48
1835 1837 29
1836 1837 66
1836 1838 30
1837 1838 40
1837 1839 75
1838 1839 56
1838 1840 13
1839 1840 88
1839 1841 42
1840 1841 5
1841 1843 83
1842 1843 62
1843 1844 6
1843 1845 17
1844 1845 37
1844 1846 7
1845 1846 74
1845 1847 58
1846 1847 32
1846 1848 50
1847 1848 40
1848 1849 35
1848 1850 70
1849 1850 8
1849 1851 88
1850 1851 8
1851 1852 93
1851 1853 18
1852 1853 30
1852 1854 87
1853 1854 69
1853 1855 91
1854 1855 69
1854 1856 56
1855 1856 88
1855 1857 24
1856 1857 68
1857 1858 93
1857 1859 80
1858 1859 35
1858 1860 42
1859 1861 37
1860 1861 65
1860 1862 60
1861 1862 66
1861 1863 57
1862 1863 92
1862 1864 30
1863 1864 10
1864 1865 46
1864 1866 9
1865 1866 88
1865 1867 56
1866 1867 42
1866 1868 47
1867 1868 5
1867 1869 8
1868 1869 5
1869 1870 28
1869 1871 99
1870 1871 25
1870 1872 66
1871 1873 43
1872 1873 27
1872 1874 70
1873 1874 54
1873 1875 56
1874 1875 2
1875 1876 31
1875 1877 74
1876 1877 69
1876 1878 80
1878 1879 51
1879 1880 52
1879 1881 78
1880 1882 96
1880 1975 25
1881 1882 96
1881 1883 89
1882 1883 34
1882 1884 27
1883 1884 4
1883 1885 30
1884 1885 4
1884 1886 30
1885 1887 39
1886 1887 93
1886 1888 9
1887 1889 29
1888 1889 77
1888 1890 49
1889 1890 26
1890 1891 63
1890 1892 93
1891 1892 62
1891 1893 14
1892 1893 96
1892 1894 91
1893 1894 32
1894 1895 45
1894 1896 60
1895 1897 83
1897 1898 23
1897 1899 98
1899 1901 22
1900 1901 42
1900 1902 65
1901 1902 96
1901 1903 6
1902 1903 79
1902 1904 12
1904 1905 60
1904 1906 38
1905 1907 50
1907 1908 17
1907 1909 86
1908 1909 62
1908 1910 43
1909 1910 40
1910 1911 50
1910 1912 68
1911 1912 62
1911 1913 100
1912 1913 24
1912 1914 55
1913 1914 6
1913 1915 13
1914 1915 3
1914 1916 40
1915 1916 45
1915 1917 43
1916 1917 61
1916 1918 29
1917 1918 40
1917 1919 20
1918 1919 28
1918 1920 48
1919 1921 81
1920 1921 78
1920 1922 4
1921 1922 49
1921 1923 10
1922 1923 55
1922 1924 86
1923 1924 43
1923 1925 17
1924 1925 99
1924 1926 50
1925 1926 12
1925 1927 24
1926 1927 28
1926 1928 46
1927 1928 90
1927 1929 75
1928 1929 2
1929 1930 58
1929 1931 75
1930 1931 68
1930 1932 45
1932 1933 9
1932 1934 69
1933 1934 8
1933 1935 93
1934 1935 15
1935 1936 38
1935 1937 26
1936 1937 82
1936 1938 93
1937 1939 69
1938 1939 20
1938 1940 54
1939 1940 24
1939 1941 13
1940 1941 4
1940 1942 100
1941 1942 15
1942 1943 100
1942 1944 69
1943 1944 11
1943 1945 48
1944 1945 24
1944 1946 52
1945 1946 48
1946 1947 93
1946 1948 76
1947 1948 70
1947 1949 79
1948 1949 21
1948 1950 11
1949 1950 21
1949 1951 27
1950 1952 36
1951 1953 71
1951 1958 85
1952 1953 37
1952 1954 81
1952 1964 20
1953 1954 6
1953 1955 54
1954 1955 33
1954 1956 94
1955 1956 41
1955 1957 71
1956 1957 93
1956 1958 32
1957 1958 32
1958 1959 23
1958 1960 64
1959 1961 39
1960 1961 17
1960 1962 72
1961 1962 7
1961 1963 74
1962 1963 40
1962 1964 18
1963 1964 15
1963 1965 14
1964 1966 52
1965 1967 45
1966 1968 13
1967 1969 7
1968 1969 39
1968 1970 86
1969 1970 3
1969 1971 62
1970 1972 92
1971 1972 94
1971 1973 70
1972 1973 84
1972 1974 86
1973 1974 27
1974 1976 55
1975 1976 38
1976 1977 51
1976 1978 32
1978 1979 51
1978 1980 21
1979 1980 47
1979 1981 68
1980 1981 51
1981 1982 51
1981 1983 61
1982 1984 78
1983 1984 93
1984 1985 94
1984 1986 40
1985 1986 57
1985 1987 58
1986 1987 66
1986 1988 19
1987 1988 29
1987 1989 8
1988 1989 15
1988 1990 80
1989 1990 31
1989 1991 82
1990 1991 100
1991 1992 36
1992 1993 89
1992 1994 38
1993 1994 29
1993 1995 59
1994 1995 93
1994 1996 91
1995 1996 78
1995 1997 82
1996 1997 73
1996 1998 61
1997 1998 13
1997 1999 76
