2000 4000
0 1 78
0 1999 58
0 2 6
0 1998 47
1 2 18
1 1999 95
1 163 5
1 195 79
2 3 16
2 1276 64
3 4 87
3 1149 79
4 5 35
4 6 91
5 7 88
5 992 31
5 1572 5
5 805 62
5 1936 40
6 8 56
6 1177 25
7 1041 41
7 642 66
7 1174 95
8 9 55
8 10 63
9 10 54
9 348 27
10 12 46
10 1189 99
11 12 52
11 13 96
12 14 73
12 281 83
13 14 54
13 15 71
13 209 45
14 15 85
14 16 64
15 16 76
15 146 67
16 17 99
16 18 60
16 37 11
17 18 79
17 19 8
17 1600 49
18 19 27
18 20 28
19 20 37
19 21 59
20 21 90
20 22 85
21 22 50
21 23 37
21 1313 57
21 359 56
22 23 31
22 24 84
22 1356 87
22 622 61
23 24 25
23 25 48
24 25 63
24 26 45
25 26 13
25 27 12
25 448 19
26 27 100
26 1515 92
27 28 36
27 1853 15
27 211 91
28 29 92
28 30 2
29 30 80
29 31 72
30 31 51
30 32 38
30 220 50
31 32 22
31 33 70
32 33 39
32 1890 77
32 1370 79
33 35 44
33 722 62
34 35 97
34 36 97
35 36 92
35 37 27
35 60 53
35 87 77
36 37 25
36 38 32
37 38 65
38 39 91
38 40 88
38 847 44
39 40 67
39 41 69
39 470 57
40 41 40
40 761 34
41 42 68
41 43 22
42 43 9
42 44 21
43 44 34
43 232 31
44 45 13
44 46 71
45 46 85
45 47 82
46 47 66
46 48 86
47 48 67
47 49 27
48 49 83
48 50 37
49 935 66
49 1598 45
49 283 5
50 51 80
50 52 16
50 1246 93
51 52 5
51 53 36
51 188 39
52 53 58
52 54 30
53 55 37
53 1051 62
54 55 67
54 1436 21
54 1106 50
55 56 47
55 1435 15
56 57 55
56 58 39
57 58 99
57 322 83
58 60 36
58 446 93
58 113 46
59 60 44
59 61 31
60 62 77
61 62 14
61 63 7
61 1615 38
62 63 60
62 64 98
63 64 4
63 65 35
63 1681 42
64 65 89
64 66 30
65 66 96
65 67 16
66 67 96
66 68 70
66 1981 66
67 1180 34
67 1193 51
68 69 21
68 1523 92
69 70 12
69 1422 48
70 72 4
70 1640 81
70 1869 15
70 1926 78
71 72 2
71 73 8
72 73 20
72 74 35
72 270 8
73 74 71
73 75 42
73 1994 6
74 75 76
74 76 3
74 454 97
75 77 75
75 1799 96
75 386 42
75 1354 36
75 1919 39
76 77 77
76 78 30
77 78 33
77 79 64
77 911 98
78 79 4
78 617 50
79 80 97
79 81 70
79 1465 12
80 82 75
80 1898 100
81 82 33
81 1326 14
82 83 19
82 84 64
82 600 92
83 84 15
83 85 60
84 85 51
84 1452 29
84 1403 39
85 86 29
85 87 11
86 87 1
86 88 30
87 1307 35
87 1134 81
87 1761 100
88 89 13
88 90 93
88 1509 12
89 90 69
89 91 76
90 91 19
90 92 56
91 92 13
91 93 6
92 93 3
92 94 70
93 95 28
93 1291 86
94 95 61
94 96 26
95 97 65
95 1288 34
96 969 33
96 907 8
96 700 23
97 98 63
97 1644 21
97 464 57
98 1089 28
98 1538 89
99 100 2
99 101 22
100 102 98
100 1875 76
100 111 3
101 102 54
101 103 69
101 177 44
102 103 70
102 104 30
102 928 16
103 104 68
103 105 17
103 1010 6
103 1390 71
104 105 60
104 106 65
105 106 69
105 1726 68
106 107 39
106 108 79
106 223 52
107 108 53
107 109 20
107 1455 25
108 109 53
108 110 98
109 110 25
109 111 32
110 111 24
110 112 23
111 113 24
111 114 4
112 113 32
112 114 44
113 114 11
114 1020 17
115 116 35
115 117 87
115 1459 64
116 118 13
116 963 86
116 1626 45
117 119 77
117 1057 52
117 440 92
118 119 6
118 120 15
119 142 41
119 1318 99
120 122 31
120 580 82
121 122 32
121 123 43
121 466 52
122 124 55
122 1247 72
123 124 41
123 125 36
124 125 37
124 1351 71
124 1467 16
125 126 23
125 127 48
126 127 69
126 128 64
127 129 85
127 257 74
127 1314 41
128 129 38
128 130 53
128 575 33
128 745 5
128 306 34
129 131 3
129 1765 68
129 860 60
130 132 30
130 1200 50
130 1634 91
131 132 4
131 133 55
132 133 81
132 134 98
133 134 64
133 135 75
134 1076 15
134 1296 7
134 476 18
134 382 29
134 1881 69
135 136 32
135 1577 88
136 137 36
136 138 47
137 138 17
137 139 70
138 139 26
138 140 32
138 838 64
139 140 74
139 1584 98
140 141 76
140 1754 86
141 142 6
141 143 62
142 144 51
142 1128 37
143 145 4
143 887 76
144 145 3
144 146 49
145 147 18
145 418 90
146 147 77
146 148 27
147 148 41
147 149 43
148 149 39
148 150 76
149 151 70
149 566 71
149 1091 98
150 151 21
150 152 37
151 152 66
151 565 57
151 616 6
152 153 9
152 542 46
153 154 10
153 155 72
154 156 64
154 1303 72
155 156 38
155 157 95
156 157 20
156 158 50
157 159 44
157 1185 31
157 1246 8
157 1311 37
158 159 7
158 160 50
158 171 80
158 1336 3
159 160 37
159 161 75
160 162 42
160 1089 77
160 1593 76
161 826 60
161 370 91
161 201 58
161 1617 98
162 163 17
162 164 7
163 164 23
163 165 6
164 165 24
164 1620 74
165 166 25
165 167 77
166 168 3
166 680 19
166 1518 29
167 168 37
167 169 10
167 492 8
168 200 19
168 403 80
169 171 1
169 785 76
170 171 3
170 172 47
171 173 59
172 173 43
172 174 78
172 1373 67
173 174 63
173 175 32
174 176 4
174 1709 15
175 177 22
175 1789 79
176 177 69
176 178 90
177 179 36
177 311 9
178 179 34
178 180 38
179 180 8
179 181 31
179 1252 66
180 181 9
180 946 47
181 182 63
181 183 92
182 183 24
182 184 70
183 184 4
183 1582 56
184 185 40
184 1370 20
185 186 15
185 1534 34
186 188 23
186 472 26
186 1800 14
186 262 6
186 1241 23
187 482 59
187 1674 53
188 189 88
189 190 48
189 191 55
190 191 88
190 192 90
191 193 89
191 1637 54
191 1031 2
192 193 25
192 194 48
193 195 49
193 1322 30
194 195 22
194 196 52
195 196 57
196 197 44
196 198 13
196 1450 38
197 198 89
197 199 85
197 1682 95
198 200 63
198 1496 15
198 1258 87
199 200 2
199 201 91
199 1834 60
200 201 12
200 202 14
201 202 23
201 203 20
202 203 62
202 204 86
202 1597 45
203 204 34
203 205 95
204 205 48
204 206 22
204 212 20
205 206 46
205 207 17
205 1886 63
206 207 61
206 208 72
206 861 32
206 994 81
207 208 32
207 209 48
208 209 19
208 210 76
209 1211 41
210 211 91
210 212 39
211 212 12
212 213 71
213 215 88
213 442 96
213 1483 45
213 1773 38
214 215 44
214 216 48
215 216 48
215 217 95
215 1707 69
216 217 69
216 269 63
216 528 38
217 218 55
217 395 34
217 1585 64
217 1873 89
217 1431 68
218 784 56
218 293 11
218 1929 91
219 220 10
219 221 15
220 1862 7
220 1009 87
221 222 5
221 223 30
222 223 28
222 224 93
222 1242 86
223 225 27
224 225 69
224 1953 4
225 226 13
225 227 24
226 227 96
226 228 82
226 765 80
227 228 95
227 229 10
228 229 73
228 230 85
228 244 47
229 230 91
229 1130 85
230 231 39
230 1600 24
231 232 38
231 233 55
232 233 38
232 234 52
233 234 72
233 235 100
234 235 33
234 236 60
235 236 86
235 237 23
235 921 59
236 237 26
236 238 92
236 1395 30
236 1918 82
237 238 87
237 239 40
238 240 72
238 1604 19
239 240 74
239 1813 74
239 1372 9
240 241 83
240 242 26
241 242 15
241 243 15
241 504 16
242 243 41
242 244 79
242 632 38
243 244 1
243 245 37
244 246 30
245 246 73
245 1160 40
246 248 96
246 1195 30
247 249 57
247 1640 96
247 1599 44
248 249 62
248 700 40
249 250 30
249 251 11
249 405 84
250 251 27
250 252 35
251 252 85
251 253 99
252 253 29
252 254 60
253 255 89
253 1474 59
253 350 3
254 256 83
254 1599 69
255 256 6
255 257 54
255 1197 38
255 1863 14
256 257 34
256 258 96
257 258 31
257 259 30
258 259 9
258 260 99
259 260 7
259 261 50
260 770 78
260 643 88
261 262 86
261 263 26
261 343 72
262 1944 41
262 966 94
263 264 23
263 265 4
264 265 8
264 266 52
265 266 31
265 267 25
265 1265 44
266 267 22
266 268 99
267 268 1
267 269 50
267 469 38
268 269 10
268 270 50
269 270 1
269 1887 87
269 377 69
270 271 85
271 272 15
271 341 28
271 1715 27
272 274 75
272 753 63
272 1271 63
273 274 37
273 275 65
274 275 5
274 276 92
275 277 2
275 330 6
275 664 45
276 277 2
276 1005 38
277 278 35
277 279 11
278 279 59
278 280 6
279 280 13
279 281 17
279 709 100
280 281 6
280 282 15
281 282 11
281 283 57
282 283 94
282 284 24
283 284 1
283 285 2
284 285 18
284 286 92
284 1280 68
284 589 25
285 286 64
285 287 81
285 545 22
286 287 75
286 288 82
287 288 33
287 650 19
288 289 34
288 290 96
288 1203 19
289 291 54
289 771 90
290 291 37
290 292 95
290 420 77
291 292 17
291 293 9
292 293 47
292 294 18
292 666 20
293 1180 72
294 295 90
294 296 86
295 297 23
295 1574 40
295 725 57
296 297 73
296 298 79
297 298 1
297 299 92
298 299 83
298 300 87
299 300 83
299 301 23
299 1914 4
300 301 49
300 302 40
301 302 56
301 303 78
302 304 60
302 549 99
303 304 18
303 305 24
303 1216 45
303 886 63
304 305 67
304 306 81
305 306 26
305 307 51
306 307 36
307 308 41
307 309 60
308 309 90
308 959 8
309 310 19
309 311 61
309 936 6
310 311 100
310 1812 49
310 1196 90
310 1432 5
311 313 39
312 313 33
312 314 30
313 314 39
313 315 86
314 315 86
314 316 77
315 317 14
315 1016 47
316 317 51
316 318 47
317 318 11
317 319 97
318 319 9
318 320 18
319 320 6
319 1558 78
320 321 49
320 322 19
321 322 55
321 323 14
321 371 5
322 324 93
322 1162 45
323 324 3
323 325 43
323 1590 54
324 325 40
324 326 17
325 326 77
325 327 10
326 327 23
326 328 96
327 328 68
327 329 11
328 329 20
328 330 49
328 1374 37
329 330 39
329 331 60
330 331 10
330 332 54
331 333 28
331 849 4
332 333 51
332 334 16
333 334 15
333 1577 90
333 962 3
334 335 38
334 336 89
335 336 83
335 337 3
335 1646 40
336 337 6
336 338 58
337 338 15
337 339 30
338 339 5
338 340 46
338 1584 91
339 340 83
339 341 16
339 1848 23
340 341 91
340 342 34
341 342 12
341 343 53
342 343 13
342 344 91
343 684 77
344 345 61
344 346 40
344 382 14
345 346 65
345 347 67
346 347 70
346 348 47
347 348 36
347 349 41
348 349 86
348 1076 51
349 350 39
349 351 22
349 1858 58
349 651 10
350 1145 50
351 352 56
351 353 27
352 354 31
352 1462 98
353 354 4
353 355 35
353 578 86
354 356 88
354 1264 29
355 356 95
355 595 25
356 357 16
356 358 23
357 359 50
357 1479 38
358 360 100
358 1838 98
359 360 58
360 362 22
360 1385 9
361 362 3
361 363 7
361 1504 27
362 746 58
362 751 9
363 364 35
363 365 36
364 365 21
364 366 24
364 773 71
365 366 24
365 367 4
366 367 32
366 368 58
367 368 60
367 369 15
368 370 66
368 383 92
369 370 48
369 371 87
370 1689 77
371 372 46
372 373 50
372 374 96
373 374 58
373 375 31
374 375 3
374 376 96
375 376 51
375 377 42
376 831 34
376 1114 4
377 378 13
377 746 77
378 1873 37
378 1782 60
379 380 33
379 381 35
379 391 16
380 1006 21
380 831 33
381 382 13
381 383 31
383 384 25
383 385 64
384 385 60
384 386 25
385 536 36
385 975 42
386 388 93
387 388 32
387 389 69
388 389 12
388 390 47
389 391 48
389 599 40
390 391 24
390 392 13
391 1029 65
392 393 57
392 394 32
393 394 42
393 1353 78
393 774 24
394 395 5
394 396 2
395 397 24
395 1097 67
396 641 49
396 1632 54
396 1282 40
397 398 18
397 399 92
398 400 16
398 584 30
399 400 28
399 401 65
400 401 42
400 402 98
400 1177 99
401 402 80
401 403 21
402 403 56
402 404 77
403 404 26
403 405 39
404 405 7
404 406 30
404 546 80
405 407 72
406 407 53
406 498 42
407 408 54
407 940 2
408 409 60
408 410 15
409 410 86
409 411 96
410 411 39
410 893 97
411 412 44
411 413 3
412 413 20
412 1045 31
413 414 88
413 415 91
414 415 40
414 416 43
415 416 52
415 417 96
416 417 40
416 418 40
416 1284 74
417 418 31
417 419 45
418 419 22
418 420 16
419 420 19
419 421 16
420 421 63
421 422 30
421 423 15
422 423 95
422 424 34
423 424 87
423 425 87
424 425 70
424 426 16
425 426 26
425 427 14
426 428 62
426 788 43
427 1593 66
427 1092 98
428 429 48
428 761 97
429 430 9
429 431 81
429 1207 60
430 432 95
430 706 21
431 432 2
431 1308 56
432 433 42
432 434 10
433 434 1
433 435 54
434 435 32
434 436 9
434 1485 24
435 437 59
435 1243 64
435 657 50
436 437 70
436 438 29
437 438 94
437 439 99
438 439 1
438 440 12
439 440 95
439 441 33
440 441 42
441 442 23
441 558 71
442 443 46
442 444 34
442 1382 93
442 1963 91
443 444 81
443 1414 63
443 1847 14
444 445 37
444 446 61
445 446 46
445 1228 22
446 447 50
446 448 100
446 797 31
447 448 20
447 449 44
447 672 55
448 1587 11
449 450 26
449 1139 40
450 451 96
450 452 55
451 452 25
451 453 88
452 453 56
452 454 13
452 573 4
453 454 46
453 455 42
454 455 83
455 456 44
455 457 73
456 457 7
456 458 7
456 1497 7
457 459 33
457 1960 100
458 459 92
458 460 12
459 460 67
459 461 38
460 461 1
460 462 82
461 462 15
461 1636 77
462 463 5
462 464 5
463 465 7
463 1174 55
464 465 32
464 466 77
465 466 3
465 467 24
466 467 83
466 1517 35
466 1137 97
467 468 87
467 469 14
468 469 78
468 470 4
469 470 29
470 471 97
471 472 78
471 473 100
472 473 57
472 474 81
473 1249 77
473 1176 95
474 475 46
474 476 66
475 476 72
475 477 66
476 477 66
476 478 33
477 479 25
477 859 43
478 479 61
478 480 96
478 846 18
479 480 30
479 481 48
479 1772 10
480 481 23
480 482 60
481 482 75
481 483 12
481 594 78
482 484 31
482 1980 88
483 484 79
483 485 86
483 981 90
484 485 26
484 486 67
485 486 48
485 535 69
486 566 44
486 737 1
486 1813 34
487 488 81
487 489 40
488 490 42
488 690 15
489 491 72
489 516 76
490 491 58
490 1804 92
491 492 25
491 493 69
492 493 50
493 494 17
493 1747 19
493 1325 93
494 495 59
494 496 70
495 496 79
495 497 61
495 1329 35
496 497 16
496 498 13
497 499 1
497 920 2
498 499 93
498 500 68
498 1994 35
499 500 40
499 501 7
500 501 21
500 1512 22
501 502 13
501 503 15
502 503 76
502 504 43
503 504 30
503 505 67
504 505 68
505 506 89
505 1783 64
506 507 84
506 1617 71
507 508 63
507 714 14
508 509 69
508 510 87
509 510 100
509 511 57
510 511 21
510 1768 35
511 512 63
511 513 6
512 513 45
512 514 64
512 618 69
513 514 57
513 515 45
514 515 32
514 516 69
515 516 69
515 517 30
516 517 95
516 518 75
517 518 44
517 519 40
518 519 4
518 520 74
518 971 39
519 520 88
519 521 43
520 521 3
520 522 8
521 522 13
521 523 68
522 523 1
522 524 74
523 524 81
523 525 66
524 525 20
524 526 90
525 526 27
525 1483 47
525 1050 43
526 528 82
526 1915 52
527 529 95
527 877 87
528 529 23
529 1233 49
529 1411 53
530 531 37
530 532 64
531 532 77
531 1464 13
531 1422 88
531 1584 82
532 533 85
532 534 9
533 534 10
533 535 16
534 535 4
534 536 27
534 1322 59
535 536 32
535 537 56
536 537 75
536 1113 96
536 730 97
537 538 51
537 539 17
538 539 89
538 540 80
538 1439 65
539 540 96
539 1562 14
540 541 45
540 542 91
541 542 64
541 1840 57
542 544 38
542 825 43
543 544 22
543 545 36
544 1177 89
544 1446 99
544 1928 44
544 1553 86
545 546 50
546 547 30
547 548 72
547 549 70
547 1453 96
548 549 2
548 550 84
549 550 77
549 551 87
549 691 83
549 1057 81
550 551 28
550 1514 100
551 552 87
551 553 87
552 553 82
552 554 69
553 554 51
553 555 19
554 555 97
554 556 12
554 737 36
555 556 22
555 557 92
556 558 48
556 1825 24
556 1062 84
557 558 32
557 559 22
557 857 37
557 1698 39
558 559 78
558 560 92
559 560 54
559 561 41
560 561 23
560 562 34
560 1261 63
561 562 53
561 563 57
562 564 19
562 1119 83
563 564 2
563 1013 22
564 565 76
564 566 78
565 567 47
566 568 20
566 1854 72
567 568 8
567 569 32
568 569 88
568 1873 66
568 1239 2
569 570 14
569 571 67
570 571 51
570 572 41
571 572 57
571 573 49
572 573 43
572 574 48
573 574 47
574 575 41
574 1514 46
575 577 28
576 577 93
576 578 53
577 578 32
577 579 7
577 911 84
578 580 39
578 784 56
579 580 1
579 1340 75
580 581 15
580 582 24
581 582 48
581 583 51
582 583 63
582 584 92
582 654 92
583 584 83
583 585 64
583 1918 94
584 585 94
584 586 16
585 587 92
585 841 34
586 587 39
586 588 32
586 720 63
587 588 51
587 589 23
588 589 92
588 590 32
589 590 47
589 802 3
590 591 37
590 592 9
591 592 63
591 593 48
592 594 41
592 1359 49
593 594 100
593 595 84
594 596 32
595 596 43
595 597 89
596 598 44
596 983 33
597 598 72
597 599 5
598 599 39
598 600 29
599 600 70
599 601 39
600 983 68
601 602 27
601 603 7
602 603 67
602 604 83
603 604 31
603 605 84
603 983 83
604 605 94
604 606 11
605 607 9
605 846 54
606 607 93
606 608 27
606 812 14
607 608 18
607 609 21
607 1711 25
608 609 32
608 610 6
609 610 57
609 611 85
610 611 11
610 1355 30
610 826 41
611 612 15
611 613 90
612 613 79
612 1705 20
613 614 3
613 615 50
614 615 16
614 616 25
615 616 63
615 617 3
616 617 16
616 618 41
617 618 12
617 619 38
618 620 52
618 1509 1
619 620 66
619 621 79
619 1012 93
620 621 15
620 622 18
621 623 49
621 1629 68
622 623 99
623 624 7
623 625 97
624 625 62
624 626 16
625 626 43
625 627 31
626 627 23
626 628 84
627 628 41
627 629 64
628 629 31
628 1953 95
629 630 30
629 631 48
629 1937 58
630 632 88
630 1634 62
630 678 35
631 632 88
631 633 16
632 634 21
633 634 74
633 635 73
634 635 11
634 636 4
635 636 32
635 637 96
636 637 48
636 638 71
637 638 21
637 1408 46
638 639 95
638 640 18
639 640 32
639 641 72
639 1394 12
640 642 73
640 1413 43
641 642 42
641 643 68
641 785 29
642 644 51
643 644 80
643 645 100
644 645 76
644 750 81
644 840 70
645 646 3
645 647 18
646 647 16
646 863 57
647 649 19
647 1398 28
648 649 53
648 650 32
649 650 24
649 651 77
650 651 92
650 1087 56
651 652 27
651 1997 44
652 653 27
652 1191 53
653 654 50
653 655 8
654 1041 67
654 697 49
654 702 23
655 656 64
655 657 86
656 657 21
656 658 27
656 1565 54
657 659 3
658 1942 65
658 871 80
658 1888 81
659 660 67
659 661 19
659 1915 98
660 661 26
660 662 9
661 663 85
661 679 8
662 664 44
662 1618 29
663 665 62
663 1755 27
664 666 14
665 667 14
665 971 31
666 668 62
667 668 6
667 669 56
668 669 38
668 670 12
668 1631 15
669 671 54
669 1290 34
670 671 10
670 672 100
671 672 11
671 673 78
671 1753 93
672 1296 45
673 674 79
673 675 44
674 676 13
674 1795 30
675 676 91
675 677 39
676 677 39
676 678 13
677 678 42
677 679 37
678 1402 61
679 680 16
679 681 59
679 1030 4
680 681 65
680 1066 86
681 682 79
681 683 12
681 1472 19
682 683 77
682 684 55
683 684 26
683 1699 86
683 906 18
684 685 25
684 1528 14
684 1794 87
685 686 11
685 687 57
686 687 89
686 688 13
687 688 9
687 689 49
688 689 63
688 690 39
689 691 81
689 1561 15
689 1280 10
690 691 32
690 692 30
691 693 14
691 893 53
692 693 2
692 1423 28
693 694 22
693 695 69
694 695 15
694 696 49
695 696 80
695 697 17
695 1156 53
696 697 11
696 698 36
697 1382 54
698 699 21
698 700 68
699 700 74
699 701 82
699 1150 83
700 701 3
700 702 53
701 702 98
701 703 12
702 703 30
703 704 19
703 705 49
704 705 77
704 706 99
705 706 62
705 707 99
706 1919 86
706 1098 88
706 1266 89
707 708 27
707 709 26
708 709 62
708 710 57
709 711 48
710 711 5
710 712 19
711 712 64
711 713 3
712 713 10
712 1707 85
713 714 47
713 715 24
713 1272 67
714 715 70
714 1391 41
715 716 83
715 717 44
716 717 1
716 718 81
717 718 36
717 719 93
717 1605 8
717 1183 22
718 719 97
718 720 76
719 720 9
719 721 50
719 1526 38
719 1094 45
720 721 30
720 1725 17
721 722 100
721 723 36
722 723 85
722 724 62
723 724 64
723 725 26
724 725 55
724 1298 49
725 1208 64
726 728 79
726 1597 11
727 728 50
727 1706 18
728 729 9
728 730 78
729 730 80
729 731 100
730 732 2
730 1976 81
731 732 53
731 733 24
732 734 21
732 1646 5
733 734 60
733 735 60
734 735 26
734 736 9
735 736 53
735 737 5
736 737 43
736 738 46
738 739 55
738 740 38
738 1448 73
739 740 21
739 741 1
740 741 16
740 742 20
741 742 90
741 1043 79
742 743 73
742 1740 12
743 744 5
743 1669 12
744 745 6
744 746 96
745 747 87
746 748 9
747 748 5
747 1937 46
747 862 72
748 749 44
748 750 56
749 750 82
749 751 20
750 751 45
750 752 38
750 1489 2
750 1646 92
750 1851 56
751 752 34
751 753 77
752 753 33
752 754 75
753 754 76
753 755 53
754 756 54
754 1585 97
755 756 89
755 757 69
756 757 62
756 758 41
757 759 8
757 1747 46
758 759 82
758 760 68
759 760 53
759 761 43
760 762 14
760 1078 88
760 1357 84
761 762 36
761 763 15
761 1764 6
762 763 54
762 764 61
762 832 18
763 764 30
763 1134 28
764 765 21
764 766 59
765 766 95
766 767 2
766 768 10
767 768 51
767 769 95
767 949 33
768 769 82
768 770 16
769 770 94
769 771 53
770 771 35
770 772 69
771 772 55
771 773 1
772 1103 48
772 1367 62
773 774 64
773 1643 44
774 775 5
774 776 31
775 776 71
775 777 20
776 777 7
776 778 61
776 1920 90
777 778 57
777 779 61
778 779 18
778 780 4
779 780 88
779 781 42
779 1102 42
780 781 90
780 1404 50
781 782 61
781 783 84
782 783 45
782 784 20
783 784 70
783 785 51
784 786 69
785 787 86
786 787 70
786 788 69
787 788 43
787 789 37
787 1575 66
788 789 81
788 790 96
789 790 65
789 791 71
789 1542 38
790 791 20
790 792 45
791 792 76
791 793 24
791 1427 43
791 1502 62
792 793 88
792 794 25
793 794 1
793 795 37
794 795 69
794 796 78
795 796 85
795 797 61
796 1459 76
796 848 9
797 799 54
798 799 22
798 800 26
798 1120 39
799 801 97
799 1191 94
800 801 48
800 802 53
801 802 68
801 803 28
802 804 43
802 1324 21
802 1612 19
803 805 55
803 1489 42
804 805 84
804 806 95
805 806 55
805 931 18
806 808 12
806 947 62
807 1820 60
807 1777 11
807 1991 75
808 809 74
808 810 30
809 811 91
809 1663 81
810 811 53
810 812 83
810 1257 90
811 813 2
811 1404 70
812 813 99
813 814 7
813 1102 78
814 815 77
814 1679 100
814 1515 47
815 816 62
815 817 56
816 817 49
816 818 40
816 903 13
817 818 6
817 819 64
817 1672 18
817 1426 52
818 819 34
818 820 45
819 820 57
819 821 32
820 821 10
820 822 50
821 822 16
821 823 2
821 1930 64
822 824 35
822 1890 18
823 824 63
823 825 33
824 1272 90
824 1711 95
824 848 10
825 826 36
825 827 55
826 827 88
826 1865 94
827 828 71
827 829 20
828 829 40
828 830 35
829 830 26
829 831 55
829 1880 94
830 831 30
830 832 27
830 1186 20
830 1215 42
831 832 67
831 833 32
832 833 98
833 834 96
833 835 83
834 835 87
834 836 35
835 836 9
835 837 86
836 837 53
836 838 41
837 838 46
837 839 81
838 966 90
839 840 66
839 841 25
839 1436 28
840 841 95
841 842 13
841 843 95
842 843 41
842 844 28
843 844 26
843 845 99
843 1221 19
844 845 55
844 846 48
845 846 30
845 847 93
846 848 64
847 849 99
848 1362 49
849 850 20
849 851 82
850 851 91
850 852 15
851 852 93
851 853 64
852 853 16
852 854 40
852 980 9
853 854 36
853 1118 25
854 855 37
854 856 25
855 856 99
855 1240 1
856 857 94
856 858 39
856 1050 40
857 858 78
857 1121 24
858 859 66
858 860 98
859 860 70
859 861 58
860 862 26
861 862 14
862 864 16
862 1509 22
863 864 38
863 865 8
864 865 58
864 866 40
865 866 65
865 867 95
865 1408 7
866 867 73
866 868 65
867 868 29
867 869 34
868 869 84
868 870 85
869 870 35
869 871 16
870 871 95
870 872 66
871 872 10
871 1951 65
872 873 53
872 874 13
873 874 69
873 875 75
874 875 78
874 876 12
875 876 78
875 877 15
876 1689 4
876 1769 64
876 1139 77
877 878 34
877 879 23
877 1162 76
877 927 80
878 880 39
878 1166 54
879 1530 60
879 1739 62
880 881 23
880 882 70
881 883 76
881 1842 53
882 883 86
882 884 98
883 884 60
883 885 71
884 885 65
884 886 56
885 887 68
885 1986 72
886 887 90
887 888 39
887 889 56
887 1694 2
888 889 64
888 890 90
889 890 81
889 891 66
890 891 58
890 892 74
891 892 49
891 933 62
892 1130 50
892 1824 63
892 1878 60
893 968 23
893 1517 12
894 895 95
894 896 56
895 896 53
895 897 97
896 897 96
896 898 33
896 1555 8
897 898 47
897 899 62
898 899 78
898 900 29
898 1153 59
899 900 34
899 901 100
900 901 71
900 1973 52
901 902 24
901 903 26
902 903 77
902 904 77
903 905 34
904 905 51
904 906 61
905 906 12
905 907 74
906 907 79
907 909 56
908 909 82
908 910 57
909 910 95
909 911 69
909 1812 7
910 911 7
910 912 94
911 1604 15
912 914 26
912 1019 50
912 1191 29
913 914 99
913 915 82
914 915 60
914 916 90
915 917 89
915 938 87
916 917 48
916 918 96
917 918 97
917 1710 84
918 920 73
918 1246 65
919 920 69
919 921 77
920 921 17
920 922 77
921 923 54
922 923 11
922 924 65
923 924 31
923 925 98
924 925 39
924 926 48
925 926 64
925 927 79
926 927 1
926 928 100
927 928 27
927 1948 100
928 930 87
929 930 43
929 931 60
930 931 62
930 932 12
931 933 70
932 933 39
932 934 10
933 934 30
933 935 82
934 935 19
934 936 52
935 936 80
935 937 1
936 937 74
937 938 52
937 939 8
938 939 60
938 940 89
939 940 6
939 941 60
940 941 6
940 942 6
941 942 66
941 943 61
941 1077 34
942 943 100
942 944 75
943 944 68
943 945 38
944 945 57
944 946 36
945 946 75
945 947 24
946 947 33
946 948 92
947 948 60
947 949 55
948 949 48
948 950 75
949 950 97
950 951 73
950 952 55
950 1218 20
951 952 11
951 953 61
951 1516 44
952 953 20
952 954 24
953 954 68
953 955 47
954 955 44
954 956 81
955 956 54
955 957 22
956 957 76
956 958 21
957 959 66
957 1519 70
958 960 38
958 1833 50
959 960 100
959 961 14
960 961 31
960 962 67
961 962 60
961 963 60
962 963 2
962 964 3
963 964 56
963 965 45
964 965 48
964 1688 48
965 966 21
965 1471 23
966 968 52
967 968 64
967 969 93
967 1954 9
968 970 5
969 971 83
969 1195 85
970 972 71
970 1152 50
971 972 72
972 973 17
972 974 90
973 974 27
973 975 64
974 975 35
974 976 66
975 976 32
975 977 25
975 1775 56
976 977 11
976 978 36
977 978 39
977 979 85
977 1070 14
978 979 97
978 980 35
979 980 68
979 981 96
980 982 96
980 1747 25
981 982 60
982 983 69
982 984 5
982 1269 71
983 984 66
983 1372 15
984 985 11
984 986 98
985 986 23
985 987 63
986 987 27
986 988 63
987 988 34
987 1500 52
988 989 64
988 990 94
989 990 35
989 991 69
990 991 13
990 992 80
990 1500 95
991 992 95
991 993 23
992 993 73
992 1521 100
993 994 28
993 995 51
993 1921 64
994 995 7
995 996 56
995 997 25
996 997 2
996 998 68
997 999 28
997 1556 58
998 999 53
998 1713 58
999 1000 60
999 1001 70
1000 1001 18
1000 1002 71
1001 1002 51
1001 1003 75
1002 1003 99
1002 1004 47
1003 1004 70
1003 1005 97
1004 1005 79
1004 1006 52
1005 1006 80
1005 1007 46
1006 1007 13
1006 1008 92
1007 1008 83
1007 1155 60
1008 1009 46
1008 1610 72
1009 1010 96
1010 1012 22
1011 1012 74
1011 1013 91
1012 1013 86
1013 1014 50
1013 1015 85
1014 1015 29
1014 1016 45
1014 1743 61
1015 1016 37
1015 1017 93
1016 1017 27
1016 1018 61
1017 1018 15
1017 1019 55
1018 1019 32
1018 1020 24
1019 1020 23
1019 1021 36
1019 1047 41
1020 1021 1
1020 1167 2
1021 1023 5
1021 1407 1
1022 1024 26
1022 1239 34
1023 1024 73
1023 1025 99
1023 1606 87
1024 1025 88
1024 1026 47
1025 1026 84
1025 1027 67
1026 1027 38
1026 1028 33
1027 1028 53
1027 1029 52
1027 1080 84
1028 1494 81
1028 1788 65
1029 1030 31
1029 1031 47
1030 1316 20
1031 1033 48
1032 1033 65
1032 1230 43
1033 1034 95
1033 1035 5
1034 1035 73
1034 1036 100
1035 1036 83
1035 1037 74
1036 1037 51
1036 1038 68
1036 1438 97
1036 1500 64
1037 1038 7
1037 1039 53
1038 1039 48
1038 1040 59
1039 1040 4
1039 1041 9
1040 1041 80
1040 1042 47
1040 1726 100
1041 1042 3
1041 1043 60
1042 1043 42
1042 1044 70
1042 1735 95
1043 1044 87
1043 1045 82
1044 1045 95
1044 1046 46
1044 1389 26
1045 1046 83
1045 1136 64
1046 1548 2
1046 1966 88
1047 1049 29
1048 1049 24
1048 1050 34
1048 1475 12
1049 1051 56
1049 1753 83
1049 1398 23
1050 1052 80
1051 1052 30
1051 1053 45
1052 1053 20
1052 1054 89
1052 1446 73
1053 1054 72
1053 1252 95
1054 1055 40
1054 1056 38
1055 1056 53
1055 1057 72
1056 1057 20
1056 1058 1
1056 1985 81
1057 1058 14
1058 1059 64
1058 1060 22
1059 1060 99
1059 1061 2
1059 1171 72
1060 1061 63
1060 1062 49
1061 1062 99
1061 1063 54
1062 1063 37
1062 1151 79
1063 1064 40
1063 1065 8
1064 1065 24
1064 1066 41
1065 1066 34
1065 1067 57
1066 1067 64
1066 1068 25
1067 1068 43
1067 1069 12
1068 1069 29
1068 1070 26
1069 1070 12
1069 1071 8
1070 1071 100
1071 1072 63
1071 1073 69
1071 1909 65
1072 1073 99
1072 1224 96
1073 1074 69
1073 1075 58
1074 1075 13
1074 1076 51
1075 1076 32
1075 1077 3
1076 1077 13
1076 1078 14
1077 1079 28
1078 1079 29
1078 1080 58
1079 1080 54
1079 1081 56
1080 1082 94
1080 1347 12
1081 1082 23
1081 1083 66
1082 1084 9
1082 1829 53
1083 1085 6
1083 1118 46
1084 1085 16
1084 1086 65
1085 1086 75
1085 1087 25
1086 1087 62
1086 1497 42
1087 1089 72
1087 1237 16
1088 1089 13
1088 1090 67
1089 1090 30
1089 1091 82
1090 1091 95
1090 1940 62
1091 1092 78
1091 1111 77
1092 1093 100
1092 1094 37
1093 1094 93
1093 1095 38
1094 1095 5
1095 1097 91
1095 1879 81
1096 1097 56
1096 1098 45
1097 1098 80
1098 1100 19
1099 1100 53
1099 1101 83
1100 1101 2
1100 1102 96
1101 1102 22
1101 1103 60
1102 1104 62
1103 1104 76
1103 1105 84
1104 1106 75
1104 1116 84
1105 1107 14
1105 1721 67
1106 1107 27
1106 1536 64
1107 1108 1
1107 1109 55
1108 1109 19
1108 1110 95
1109 1110 41
1109 1111 50
1110 1112 85
1110 1808 76
1111 1113 79
1112 1113 83
1112 1114 100
1113 1115 96
1113 1667 2
1114 1116 95
1114 1197 70
1115 1116 18
1115 1878 48
1116 1117 7
1116 1118 53
1117 1118 25
1117 1119 33
1118 1119 82
1118 1697 53
1119 1120 18
1119 1121 61
1120 1122 65
1121 1122 100
1122 1123 29
1122 1124 69
1123 1124 28
1123 1125 6
1124 1125 65
1124 1126 13
1125 1126 55
1125 1127 18
1126 1128 70
1126 1886 37
1126 1982 59
1127 1128 13
1127 1205 93
1128 1129 37
1128 1408 19
1129 1130 93
1129 1131 50
1129 1935 44
1130 1131 15
1130 1132 23
1131 1132 79
1131 1133 52
1131 1800 22
1132 1133 93
1132 1134 61
1133 1134 41
1133 1135 76
1133 1721 56
1134 1135 78
1135 1136 69
1135 1137 73
1135 1451 71
1136 1137 78
1136 1138 28
1136 1705 3
1137 1138 92
1137 1283 35
1138 1139 92
1138 1140 93
1139 1140 77
1140 1141 87
1140 1142 85
1141 1142 79
1141 1143 12
1142 1143 1
1142 1837 75
1142 1333 76
1143 1144 87
1143 1909 82
1144 1145 24
1144 1146 66
1145 1146 37
1145 1147 70
1146 1147 15
1146 1148 61
1147 1148 10
1147 1149 52
1148 1149 53
1148 1150 50
1149 1151 27
1149 1590 61
1150 1151 43
1151 1152 50
1152 1153 85
1152 1154 27
1153 1155 68
1154 1155 95
1154 1156 64
1155 1156 70
1155 1157 37
1156 1157 68
1156 1878 2
1157 1158 29
1157 1321 63
1158 1160 72
1158 1680 55
1159 1160 48
1159 1161 69
1160 1162 26
1160 1583 94
1161 1162 90
1161 1163 76
1162 1164 29
1163 1165 34
1163 1169 98
1163 1856 5
1164 1165 17
1164 1166 29
1165 1166 55
1165 1167 65
1166 1167 29
1166 1168 96
1167 1168 20
1167 1169 94
1168 1169 79
1168 1170 90
1169 1170 44
1169 1171 13
1170 1171 63
1170 1172 86
1170 1986 89
1171 1173 79
1172 1173 38
1172 1476 70
1173 1174 89
1173 1175 31
1174 1175 12
1174 1176 52
1175 1176 54
1175 1177 74
1176 1177 69
1176 1178 86
1177 1178 19
1178 1180 52
1178 1872 26
1179 1180 34
1179 1181 16
1180 1181 84
1180 1182 66
1181 1182 67
1181 1183 95
1182 1183 44
1182 1184 71
1183 1184 2
1184 1185 94
1184 1186 100
1185 1186 1
1185 1187 62
1186 1188 9
1186 1810 58
1187 1188 25
1187 1189 36
1188 1189 66
1188 1190 52
1188 1987 75
1189 1190 47
1189 1191 38
1190 1191 97
1190 1192 56
1191 1192 50
1191 1375 64
1192 1194 59
1192 1200 79
1193 1194 21
1193 1799 5
1193 1254 57
1194 1196 61
1194 1472 84
1195 1196 32
1195 1197 53
1196 1197 37
1196 1198 25
1197 1198 29
1198 1199 44
1198 1200 66
1198 1397 10
1199 1200 97
1199 1201 2
1200 1201 25
1200 1202 24
1201 1202 79
1201 1878 58
1202 1203 33
1202 1204 24
1202 1440 18
1203 1205 24
1204 1205 4
1204 1206 13
1205 1206 17
1205 1207 3
1206 1207 5
1206 1208 47
1206 1335 66
1207 1209 56
1208 1209 35
1208 1296 56
1208 1230 20
1209 1210 8
1209 1211 82
1210 1211 98
1210 1212 11
1211 1212 69
1211 1213 13
1212 1213 41
1212 1214 19
1212 1886 24
1213 1214 67
1213 1215 61
1214 1215 22
1214 1216 49
1215 1217 87
1215 1543 77
1216 1218 63
1217 1218 43
1217 1219 55
1218 1220 65
1218 1507 57
1219 1220 47
1219 1221 30
1220 1221 97
1220 1222 90
1221 1223 10
1222 1223 89
1222 1224 67
1223 1224 92
1223 1225 54
1223 1819 24
1224 1225 79
1224 1226 77
1225 1226 9
1225 1318 99
1226 1227 96
1226 1228 52
1227 1228 13
1227 1229 29
1228 1229 72
1228 1230 53
1229 1230 38
1229 1496 48
1230 1231 67
1230 1378 73
1231 1232 45
1231 1233 39
1232 1233 56
1232 1234 66
1233 1234 8
1233 1235 15
1234 1236 91
1234 1439 75
1234 1670 31
1235 1236 1
1235 1237 91
1236 1237 37
1236 1238 7
1237 1238 32
1237 1239 56
1237 1750 74
1238 1240 21
1238 1789 2
1238 1883 32
1239 1240 17
1240 1241 88
1240 1242 16
1241 1242 3
1242 1244 96
1243 1244 86
1243 1991 39
1244 1245 54
1244 1246 77
1244 1349 85
1244 1648 40
1244 1949 84
1245 1247 67
1245 1900 9
1247 1248 58
1247 1249 35
1248 1249 77
1248 1250 57
1248 1387 16
1249 1250 42
1249 1251 50
1250 1251 53
1250 1252 99
1251 1252 85
1251 1253 21
1251 1333 72
1252 1254 93
1253 1254 86
1253 1255 72
1254 1255 3
1254 1882 2
1255 1256 14
1255 1257 2
1256 1257 87
1256 1258 21
1257 1258 69
1258 1259 53
1259 1260 35
1259 1487 68
1260 1261 90
1260 1262 13
1261 1262 37
1261 1962 39
1262 1263 16
1262 1264 68
1263 1264 4
1263 1265 75
1264 1268 51
1264 1893 72
1265 1267 61
1266 1267 28
1266 1268 30
1267 1269 33
1267 1818 41
1267 1499 63
1268 1805 19
1268 1766 93
1268 1564 73
1269 1270 49
1270 1271 48
1270 1740 93
1271 1273 55
1272 1273 14
1273 1274 36
1273 1275 92
1274 1275 73
1274 1276 69
1275 1276 15
1275 1277 48
1275 1790 37
1276 1278 98
1276 1911 51
1276 1385 2
1277 1278 83
1277 1279 99
1278 1279 33
1278 1280 27
1278 1330 52
1279 1280 72
1279 1281 45
1281 1282 10
1281 1283 79
1282 1283 10
1283 1285 42
1283 1507 94
1284 1285 48
1284 1749 67
1285 1286 62
1285 1287 88
1286 1287 63
1286 1288 86
1287 1288 4
1287 1289 65
1288 1289 73
1288 1290 93
1289 1290 73
1289 1291 84
1290 1291 84
1290 1292 49
1290 1412 74
1291 1292 74
1291 1293 59
1292 1293 13
1292 1294 31
1293 1294 4
1293 1295 80
1293 1421 97
1294 1295 14
1294 1296 84
1295 1296 66
1295 1297 86
1296 1298 31
1297 1299 61
1297 1986 50
1298 1299 90
1298 1300 68
1299 1300 26
1299 1301 90
1300 1301 77
1300 1302 39
1301 1302 72
1301 1303 13
1302 1303 19
1302 1304 26
1303 1304 56
1303 1305 67
1304 1305 38
1304 1306 83
1305 1306 88
1305 1307 33
1306 1307 57
1306 1734 44
1307 1308 17
1307 1309 4
1307 1724 47
1308 1309 64
1308 1310 58
1309 1310 96
1309 1311 24
1310 1311 80
1310 1312 48
1311 1312 87
1312 1313 98
1312 1314 48
1313 1315 51
1314 1316 34
1315 1316 97
1315 1406 25
1316 1317 64
1316 1876 91
1317 1318 74
1317 1319 35
1318 1319 37
1318 1320 60
1319 1320 82
1319 1321 86
1320 1321 57
1320 1322 73
1321 1323 19
1321 1438 91
1322 1324 25
1323 1324 17
1323 1325 55
1324 1326 17
1325 1326 85
1326 1327 30
1326 1328 26
1327 1328 49
1327 1329 92
1328 1330 48
1328 1646 73
1329 1330 96
1329 1624 31
1330 1332 89
1331 1332 13
1331 1333 35
1332 1333 39
1332 1334 31
1333 1334 79
1334 1335 87
1334 1336 81
1335 1336 25
1336 1338 81
1336 1386 34
1337 1969 2
1337 1889 4
1338 1339 16
1338 1340 9
1339 1340 41
1339 1341 7
1340 1341 67
1340 1342 56
1341 1342 84
1341 1343 25
1342 1343 38
1342 1344 1
1343 1344 84
1343 1432 3
1344 1345 69
1344 1346 49
1345 1346 70
1345 1347 77
1346 1347 26
1346 1348 2
1347 1348 91
1348 1349 29
1348 1350 68
1349 1351 73
1350 1351 44
1350 1352 38
1351 1353 40
1351 1510 35
1352 1353 3
1352 1354 38
1353 1355 48
1353 1733 43
1354 1355 8
1355 1356 2
1355 1357 92
1356 1358 62
1357 1358 94
1358 1359 72
1358 1836 51
1359 1360 82
1359 1361 25
1360 1361 94
1360 1362 15
1361 1362 89
1361 1363 78
1362 1363 34
1362 1364 18
1363 1364 85
1363 1365 19
1364 1365 95
1364 1366 54
1365 1366 38
1365 1367 44
1366 1367 52
1366 1368 44
1367 1369 73
1367 1432 98
1368 1369 16
1368 1370 68
1369 1370 41
1369 1371 65
1370 1371 23
1370 1372 70
1371 1372 71
1371 1373 85
1372 1374 36
1373 1375 92
1374 1376 1
1375 1377 18
1375 1836 13
1376 1377 8
1376 1378 96
1377 1378 15
1377 1379 91
1378 1379 41
1379 1380 59
1379 1381 15
1379 1750 33
1380 1381 85
1380 1382 18
1381 1382 29
1381 1383 50
1382 1384 37
1382 1394 13
1383 1384 14
1383 1385 97
1384 1385 85
1384 1386 22
1385 1776 57
1386 1388 53
1387 1389 28
1388 1389 61
1388 1390 50
1389 1391 58
1390 1391 93
1391 1392 30
1391 1393 92
1392 1393 41
1392 1394 79
1393 1394 97
1393 1395 38
1395 1397 65
1396 1398 53
1396 1753 90
1397 1399 67
1397 1651 10
1398 1400 5
1399 1400 33
1399 1401 85
1400 1401 73
1400 1402 85
1401 1402 19
1401 1403 20
1402 1403 82
1402 1404 50
1403 1404 86
1404 1405 73
1404 1406 73
1405 1406 40
1405 1407 58
1406 1408 25
1406 1418 80
1407 1408 49
1407 1409 20
1408 1409 67
1409 1410 14
1409 1411 70
1410 1411 5
1410 1412 10
1411 1412 18
1411 1413 66
1412 1414 29
1413 1414 19
1413 1415 87
1414 1415 96
1414 1416 13
1415 1416 44
1415 1417 91
1416 1417 85
1416 1418 77
1417 1418 66
1417 1419 78
1418 1419 44
1418 1420 56
1419 1420 26
1419 1421 66
1420 1421 42
1420 1422 97
1421 1423 54
1422 1423 80
1422 1424 55
1423 1424 96
1423 1425 35
1424 1425 43
1424 1426 79
1425 1426 95
1425 1427 39
1426 1427 13
1427 1429 79
1428 1429 95
1428 1430 58
1429 1430 30
1429 1786 54
1429 1572 83
1430 1431 44
1430 1432 28
1431 1432 38
1432 1433 28
1433 1434 66
1433 1435 88
1434 1436 11
1434 1782 2
1435 1436 6
1435 1437 36
1436 1438 22
1437 1438 44
1437 1439 60
1437 1815 31
1438 1440 3
1439 1441 70
1440 1442 10
1441 1442 29
1441 1443 92
1442 1443 3
1442 1444 11
1442 1899 23
1443 1444 3
1443 1445 89
1444 1445 47
1444 1446 15
1444 1944 15
1445 1446 100
1445 1447 20
1445 1769 87
1446 1818 39
1447 1448 25
1447 1449 21
1448 1449 93
1449 1451 69
1449 1562 46
1450 1452 40
1451 1453 30
1452 1453 24
1452 1454 82
1453 1455 71
1454 1455 90
1454 1456 21
1455 1456 81
1456 1458 55
1456 1981 31
1457 1459 56
1457 1552 98
1458 1459 79
1458 1460 3
1459 1460 41
1460 1461 24
1460 1462 22
1460 1713 8
1461 1462 10
1461 1463 63
1462 1464 10
1462 1892 52
1463 1464 40
1463 1465 75
1464 1466 60
1465 1466 6
1466 1467 60
1466 1468 10
1467 1468 11
1467 1559 10
1468 1469 93
1468 1470 90
1469 1470 11
1469 1471 13
1470 1471 91
1470 1472 51
1471 1473 3
1471 1757 98
1472 1473 6
1473 1474 23
1473 1475 50
1474 1475 6
1474 1476 26
1475 1477 18
1476 1477 68
1476 1478 51
1477 1478 66
1477 1479 15
1478 1479 7
1478 1480 69
1479 1480 89
1479 1481 80
1480 1481 27
1480 1482 29
1481 1482 41
1481 1483 99
1482 1483 38
1482 1484 8
1482 1538 65
1484 1485 75
1484 1486 93
1485 1486 51
1486 1487 11
1486 1488 45
1487 1488 35
1487 1489 30
1488 1489 55
1488 1490 65
1489 1490 81
1490 1491 64
1490 1492 25
1491 1492 29
1491 1493 25
1492 1493 44
1492 1494 90
1493 1494 52
1493 1718 28
1494 1495 100
1494 1496 20
1495 1496 35
1495 1497 12
1496 1497 26
1496 1498 100
1497 1499 29
1498 1499 69
1498 1500 35
1499 1500 67
1501 1502 46
1501 1503 50
1502 1503 13
1503 1504 59
1503 1505 95
1503 1714 71
1504 1506 41
1505 1506 57
1505 1507 46
1506 1507 60
1506 1508 9
1508 1509 31
1508 1510 29
1508 1562 53
1510 1512 56
1511 1512 36
1511 1513 44
1512 1513 37
1512 1514 2
1513 1515 10
1513 1918 76
1514 1515 70
1514 1516 13
1515 1516 40
1516 1518 90
1517 1968 76
1518 1520 76
1518 1701 53
1519 1520 59
1519 1521 21
1520 1521 100
1520 1522 10
1521 1522 2
1521 1523 42
1522 1523 62
1522 1654 74
1523 1524 52
1523 1525 49
1524 1526 26
1524 1554 40
1525 1527 61
1525 1972 29
1525 1720 55
1526 1528 64
1527 1528 37
1527 1529 92
1528 1530 98
1529 1530 21
1529 1531 51
1530 1531 26
1530 1532 68
1530 1679 29
1530 1708 91
1530 1671 11
1531 1532 26
1531 1533 13
1532 1533 26
1532 1534 25
1533 1535 84
1533 1676 21
1533 1971 71
1534 1535 54
1534 1536 53
1535 1536 94
1535 1537 10
1536 1537 76
1537 1538 2
1537 1691 64
1538 1539 28
1539 1540 18
1539 1541 98
1540 1541 77
1540 1542 91
1541 1542 64
1541 1543 42
1542 1543 94
1543 1545 68
1544 1545 20
1544 1546 69
1545 1546 74
1545 1547 44
1546 1547 54
1546 1548 60
1547 1548 89
1547 1549 97
1548 1549 43
1548 1689 77
1549 1550 6
1549 1551 70
1550 1551 99
1550 1552 31
1551 1552 68
1551 1794 39
1552 1553 68
1552 1554 36
1553 1554 68
1554 1555 91
1554 1556 7
1555 1557 20
1556 1557 36
1556 1558 7
1556 1841 40
1557 1558 93
1557 1559 95
1558 1559 50
1558 1560 4
1559 1560 17
1559 1561 60
1560 1561 58
1560 1562 54
1561 1562 79
1561 1931 77
1562 1835 7
1563 1564 22
1563 1565 81
1564 1565 67
1564 1566 86
1564 1602 99
1565 1567 86
1566 1567 17
1566 1568 62
1567 1568 72
1567 1569 39
1568 1569 72
1568 1570 37
1569 1570 7
1569 1571 88
1570 1571 26
1570 1572 87
1571 1572 69
1571 1573 17
1571 1972 86
1572 1574 34
1573 1574 79
1573 1575 75
1574 1575 59
1574 1576 66
1575 1576 12
1576 1577 72
1576 1578 84
1577 1579 81
1578 1579 20
1578 1580 92
1579 1580 63
1579 1581 21
1580 1581 6
1580 1582 48
1581 1582 61
1581 1583 95
1582 1584 20
1582 1703 4
1583 1584 44
1583 1861 57
1585 1587 26
1586 1587 25
1586 1588 44
1587 1588 7
1587 1589 67
1588 1589 54
1588 1590 65
1589 1590 84
1589 1591 29
1590 1592 4
1591 1592 70
1591 1593 85
1592 1593 19
1592 1594 69
1593 1594 82
1593 1629 87
1594 1595 30
1594 1596 72
1595 1596 29
1595 1597 62
1596 1597 29
1596 1598 62
1597 1598 30
1598 1600 89
1599 1601 85
1600 1602 38
1601 1602 59
1601 1603 40
1602 1603 17
1603 1604 59
1603 1605 9
1604 1605 31
1605 1607 1
1606 1607 77
1607 1608 5
1607 1609 63
1608 1609 48
1608 1610 49
1609 1611 35
1609 1714 68
1610 1612 79
1610 1878 83
1611 1613 77
1611 1784 12
1612 1613 56
1613 1614 97
1613 1615 96
1614 1615 67
1614 1616 34
1615 1710 28
1616 1617 100
1616 1618 66
1617 1618 78
1618 1619 29
1618 1620 86
1619 1620 100
1619 1621 35
1620 1621 36
1620 1622 54
1621 1622 51
1621 1623 31
1622 1623 51
1622 1624 78
1623 1624 96
1623 1625 8
1624 1626 91
1625 1626 84
1625 1807 10
1626 1628 26
1627 1628 1
1627 1629 11
1628 1629 46
1628 1630 1
1629 1630 37
1630 1631 85
1630 1632 68
1631 1633 70
1631 1696 62
1632 1633 50
1632 1634 84
1633 1634 5
1633 1635 35
1634 1635 21
1635 1636 70
1635 1637 89
1636 1637 41
1636 1638 75
1637 1638 52
1637 1666 3
1638 1639 36
1638 1640 91
1639 1640 53
1639 1641 56
1640 1641 27
1640 1642 32
1641 1642 88
1641 1643 64
1642 1643 27
1642 1644 21
1643 1645 23
1644 1646 16
1645 1646 75
1645 1647 35
1647 1648 36
1647 1649 32
1648 1650 52
1649 1650 81
1649 1651 63
1650 1651 84
1650 1652 32
1651 1653 14
1652 1653 92
1652 1654 66
1653 1654 13
1653 1655 60
1654 1655 89
1654 1656 59
1655 1656 49
1655 1657 45
1656 1657 25
1656 1658 50
1657 1658 54
1657 1659 80
1658 1659 1
1658 1660 57
1659 1660 53
1659 1661 48
1660 1661 8
1660 1662 18
1661 1662 18
1661 1663 10
1662 1663 31
1662 1664 94
1663 1664 45
1663 1665 74
1664 1665 74
1664 1666 7
1665 1666 96
1665 1667 21
1666 1667 70
1666 1668 35
1667 1668 79
1668 1669 9
1668 1713 9
1669 1670 59
1669 1671 25
1670 1672 87
1671 1672 14
1672 1674 99
1673 1674 16
1673 1675 48
1674 1675 1
1674 1676 63
1675 1676 7
1675 1677 6
1676 1677 31
1676 1678 54
1677 1678 45
1677 1679 60
1678 1679 57
1678 1680 72
1679 1681 78
1680 1681 50
1680 1682 10
1681 1683 58
1682 1683 87
1683 1684 4
1683 1685 46
1684 1685 5
1684 1686 63
1685 1686 39
1685 1687 91
1686 1687 32
1686 1688 81
1687 1688 90
1687 1689 5
1688 1689 75
1688 1690 98
1689 1690 8
1689 1691 31
1690 1691 86
1690 1692 34
1691 1692 86
1691 1693 65
1692 1693 30
1692 1859 79
1693 1694 67
1693 1695 11
1694 1696 73
1695 1696 28
1695 1697 46
1695 1967 38
1696 1698 49
1697 1698 51
1697 1699 91
1698 1699 57
1699 1700 61
1699 1701 15
1700 1701 8
1700 1702 2
1701 1703 28
1702 1703 55
1702 1704 22
1703 1704 62
1703 1705 48
1704 1705 34
1704 1706 67
1705 1707 65
1706 1707 10
1706 1708 14
1707 1708 20
1708 1710 43
1709 1710 66
1709 1711 86
1710 1711 7
1710 1712 74
1711 1713 12
1712 1713 15
1712 1714 50
1713 1714 9
1714 1716 47
1715 1716 34
1716 1717 99
1716 1718 2
1717 1718 8
1717 1719 46
1718 1719 82
1718 1720 87
1719 1720 74
1719 1721 83
1720 1722 75
1721 1722 35
1722 1724 22
1722 1854 44
1723 1724 23
1723 1725 47
1724 1725 51
1725 1727 40
1726 1938 48
1726 1786 78
1727 1728 65
1727 1729 91
1728 1729 50
1728 1730 50
1729 1730 1
1729 1731 52
1730 1731 37
1730 1732 51
1731 1732 62
1731 1733 78
1732 1733 6
1732 1734 40
1733 1734 91
1734 1735 31
1734 1736 31
1734 1796 35
1735 1736 90
1736 1737 49
1736 1738 97
1737 1738 77
1737 1739 88
1738 1739 40
1738 1740 31
1739 1740 6
1739 1741 20
1740 1741 31
1740 1742 49
1741 1742 3
1741 1743 34
1742 1743 69
1742 1744 85
1743 1745 13
1744 1745 83
1744 1746 70
1745 1746 17
1745 1747 70
1746 1747 83
1746 1748 2
1747 1748 28
1748 1749 70
1748 1750 52
1749 1750 12
1751 1752 11
1751 1753 6
1752 1753 73
1752 1754 23
1753 1754 93
1754 1755 71
1754 1840 60
1755 1756 55
1755 1757 25
1756 1757 26
1756 1758 22
1757 1758 5
1757 1759 4
1758 1759 12
1758 1760 47
1759 1760 35
1759 1761 68
1760 1761 47
1760 1762 52
1761 1762 10
1762 1763 46
1762 1764 13
1763 1764 23
1763 1765 33
1764 1765 52
1765 1766 89
1765 1767 87
1766 1768 9
1767 1768 58
1767 1769 4
1768 1769 27
1768 1770 63
1769 1771 77
1770 1771 70
1770 1772 43
1771 1772 49
1771 1773 22
1772 1774 4
1773 1774 57
1774 1775 66
1774 1776 63
1775 1777 93
1776 1777 71
1776 1778 83
1777 1778 36
1777 1779 90
1778 1779 78
1778 1780 38
1779 1780 66
1779 1781 32
1780 1781 16
1780 1782 50
1781 1782 38
1781 1783 22
1782 1783 96
1782 1952 30
1783 1784 45
1783 1785 35
1784 1785 19
1784 1786 73
1785 1786 53
1785 1787 60
1787 1788 72
1787 1789 2
1788 1789 71
1788 1790 50
1789 1790 27
1789 1791 31
1790 1792 9
1791 1792 78
1791 1793 23
1792 1793 99
1792 1794 15
1793 1794 57
1793 1795 26
1794 1795 69
1794 1796 12
1795 1796 31
1795 1797 93
1796 1798 75
1797 1798 36
1797 1799 43
1798 1799 35
1798 1800 16
1799 1801 24
1801 1802 4
1801 1925 4
1802 1803 45
1802 1804 72
1803 1804 13
1803 1805 20
1804 1805 24
1804 1866 52
1805 1806 87
1805 1807 75
1806 1807 98
1806 1808 18
1807 1808 42
1807 1809 99
1808 1809 58
1808 1810 90
1809 1810 12
1809 1811 93
1810 1811 6
1811 1813 21
1811 1820 34
1813 1815 32
1814 1815 83
1814 1816 53
1815 1817 25
1816 1817 16
1816 1818 43
1817 1818 41
1817 1819 57
1818 1819 52
1819 1821 9
1820 1821 91
1820 1822 80
1821 1822 50
1821 1823 90
1822 1823 25
1822 1824 66
1823 1824 73
1823 1825 83
1824 1826 13
1825 1826 75
1825 1827 14
1826 1827 5
1826 1828 62
1827 1829 68
1827 1859 28
1828 1829 86
1828 1830 99
1829 1830 81
1829 1831 3
1830 1831 77
1830 1832 51
1831 1832 26
1831 1833 17
1832 1833 7
1832 1834 69
1833 1834 26
1833 1835 56
1834 1836 19
1835 1836 77
1835 1837 35
1836 1837 74
1837 1839 9
1838 1839 18
1838 1840 28
1839 1840 16
1839 1841 32
1840 1841 68
1840 1842 45
1841 1842 71
1842 1843 85
1842 1844 52
1843 1844 20
1843 1845 55
1844 1845 3
1844 1846 31
1845 1846 20
1845 1847 55
1846 1847 78
1846 1848 12
1847 1848 31
1848 1849 60
1849 1850 35
1849 1851 95
1850 1851 5
1850 1852 94
1851 1852 69
1852 1853 16
1852 1854 75
1853 1855 58
1853 1977 33
1854 1855 79
1854 1856 45
1855 1856 23
1855 1978 67
1856 1858 58
1857 1858 100
1857 1859 53
1858 1860 16
1859 1860 2
1859 1861 9
1860 1861 71
1860 1862 26
1861 1862 72
1861 1863 55
1862 1863 94
1862 1864 67
1863 1864 31
1863 1914 93
1864 1865 93
1864 1866 50
1865 1867 84
1866 1868 96
1866 1911 78
1867 1868 69
1867 1869 69
1868 1869 32
1868 1870 56
1869 1870 15
1870 1871 72
1870 1872 58
1871 1872 100
1871 1873 70
1872 1873 63
1872 1874 62
1873 1874 84
1873 1875 80
1874 1875 79
1874 1876 44
1875 1876 32
1875 1877 25
1876 1877 87
1876 1878 70
1877 1878 37
1877 1879 99
1878 1879 72
1879 1880 23
1879 1881 14
1880 1882 88
1881 1882 66
1882 1883 9
1882 1884 36
1883 1884 73
1884 1885 71
1884 1886 53
1885 1886 15
1885 1887 40
1887 1888 73
1887 1889 9
1888 1889 69
1889 1890 23
1889 1891 84
1890 1941 87
1891 1892 35
1891 1893 50
1892 1893 99
1892 1894 57
1893 1894 53
1893 1895 99
1894 1895 83
1894 1896 93
1895 1896 28
1895 1897 67
1896 1897 25
1896 1898 83
1897 1898 17
1897 1899 34
1898 1899 72
1898 1900 54
1899 1901 75
1900 1901 8
1900 1902 3
1901 1902 59
1901 1903 81
1902 1903 37
1902 1904 98
1903 1904 25
1903 1905 67
1904 1905 4
1904 1906 63
1905 1906 17
1905 1907 45
1906 1907 46
1906 1908 41
1907 1908 92
1907 1909 27
1908 1909 84
1908 1910 45
1909 1911 93
1910 1911 73
1910 1912 87
1911 1912 81
1911 1913 67
1912 1913 48
1912 1914 51
1913 1914 87
1913 1915 88
1915 1916 25
1916 1917 27
1916 1918 3
1917 1918 18
1917 1919 47
1919 1920 54
1920 1922 30
1921 1923 43
1922 1923 25
1922 1924 97
1923 1924 86
1923 1925 2
1924 1925 91
1924 1926 87
1925 1926 37
1925 1927 76
1926 1927 73
1927 1928 62
1927 1929 95
1928 1929 32
1928 1930 78
1929 1930 98
1929 1931 79
1930 1932 19
1931 1932 73
1931 1933 45
1932 1933 42
1932 1934 19
1933 1934 58
1933 1935 42
1934 1935 28
1934 1936 88
1934 1968 89
1935 1937 48
1936 1937 81
1938 1939 27
1938 1940 52
1939 1940 24
1939 1941 98
1940 1941 87
1940 1942 94
1941 1942 30
1941 1943 81
1942 1943 94
1942 1944 96
1943 1944 21
1943 1945 7
1944 1945 79
1945 1946 9
1945 1947 70
1946 1947 40
1946 1948 14
1947 1948 68
1947 1949 18
1948 1949 64
1949 1950 96
1950 1951 57
1950 1952 70
1951 1952 94
1951 1953 44
1952 1953 25
1952 1954 71
1953 1954 73
1953 1955 1
1954 1956 82
1955 1956 49
1955 1957 21
1956 1957 8
1956 1958 41
1957 1958 88
1957 1959 62
1958 1959 24
1958 1960 70
1959 1960 43
1959 1961 14
1960 1961 30
1960 1962 8
1961 1962 6
1961 1963 59
1962 1964 57
1963 1965 7
1964 1965 53
1964 1966 41
1965 1966 28
1965 1967 51
1966 1967 83
1966 1968 37
1967 1968 4
1968 1969 28
1969 1970 55
1969 1971 67
1970 1971 87
1970 1972 39
1971 1972 88
1972 1973 54
1973 1974 90
1973 1975 24
1974 1975 6
1974 1976 45
1975 1976 73
1975 1977 92
1976 1977 70
1976 1978 37
1977 1978 36
1977 1979 17
1978 1979 71
1978 1980 25
1979 1981 35
1979 1995 76
1980 1981 85
1980 1982 72
1981 1983 25
1982 1983 87
1983 1984 80
1983 1985 70
1984 1985 97
1984 1986 71
1985 1987 1
1986 1987 55
1987 1988 4
1988 1989 38
1988 1990 58
1989 1990 16
1989 1991 95
1990 1991 67
1990 1992 16
1991 1992 99
1992 1993 42
1992 1994 84
1993 1994 14
1993 1995 41
1995 1996 16
1995 1997 46
1996 1997 11
1996 1998 48
1997 1998 44
1998 1999 81
